   0.00000     -14.067425
   0.01933     -14.066926
   0.03865     -14.065431
   0.05798     -14.062951
   0.07731     -14.059507
   0.09663     -14.055125
   0.11596     -14.049842
   0.13529     -14.043701
   0.15461     -14.036755
   0.17394     -14.029063
   0.19327     -14.020694
   0.21259     -14.011728
   0.23192     -14.002248
   0.25125     -13.992349
   0.27057     -13.982133
   0.28990     -13.971712
   0.30923     -13.961201
   0.32855     -13.950723
   0.34788     -13.940407
   0.36721     -13.930384
   0.38653     -13.920791
   0.40586     -13.911759
   0.42519     -13.903421
   0.44451     -13.895899
   0.46384     -13.889311
   0.48317     -13.883763
   0.50249     -13.879346
   0.52182     -13.876135
   0.54115     -13.874187
   0.56047     -13.873535
   0.58100     -13.872314
   0.60153     -13.868654
   0.62206     -13.862556
   0.64259     -13.854027
   0.66312     -13.843072
   0.68364     -13.829702
   0.70417     -13.813927
   0.72470     -13.795763
   0.74523     -13.775225
   0.76576     -13.752331
   0.78629     -13.727103
   0.80682     -13.699565
   0.82734     -13.669744
   0.84787     -13.637671
   0.86840     -13.603377
   0.88893     -13.566902
   0.90946     -13.528284
   0.92999     -13.487571
   0.95051     -13.444812
   0.97104     -13.400063
   0.99157     -13.353382
   1.01210     -13.304837
   1.03263     -13.254504
   1.05316     -13.202460
   1.07368     -13.148797
   1.09421     -13.093610
   1.11474     -13.037008
   1.13527     -12.979106
   1.15580     -12.920051
   1.17513     -12.922721
   1.19445     -12.926445
   1.21378     -12.931145
   1.23311     -12.936747
   1.25243     -12.943165
   1.27176     -12.950302
   1.29109     -12.958054
   1.31041     -12.966312
   1.32974     -12.974963
   1.34907     -12.983892
   1.36839     -12.992987
   1.38772     -13.002137
   1.40705     -13.011236
   1.42637     -13.020179
   1.44570     -13.028870
   1.46503     -13.037217
   1.48435     -13.045136
   1.50368     -13.052549
   1.52301     -13.059383
   1.54233     -13.065576
   1.56166     -13.071072
   1.58099     -13.075821
   1.60031     -13.079782
   1.61964     -13.082920
   1.63897     -13.085208
   1.65829     -13.086627
   1.67762     -13.087164
   1.69695     -13.086815
   1.71627     -13.085597
   1.73680     -13.146742
   1.75733     -13.206660
   1.77786     -13.265201
   1.79839     -13.322243
   1.81891     -13.377678
   1.83944     -13.431401
   1.85997     -13.483324
   1.88050     -13.533366
   1.90103     -13.581456
   1.92156     -13.627528
   1.94209     -13.671524
   1.96261     -13.713391
   1.98314     -13.753079
   2.00367     -13.790545
   2.02420     -13.825752
   2.04473     -13.858662
   2.06526     -13.889249
   2.08578     -13.917482
   2.10631     -13.943337
   2.12684     -13.966793
   2.14737     -13.987829
   2.16790     -14.006429
   2.18843     -14.022576
   2.20895     -14.036260
   2.22948     -14.047470
   2.25001     -14.056196
   2.27054     -14.062434
   2.29107     -14.066178
   2.31160     -14.067425
   2.33921     -14.065748
   2.36682     -14.060720
   2.39443     -14.052351
   2.42204     -14.040666
   2.44965     -14.025694
   2.47726     -14.007476
   2.50488     -13.986061
   2.53249     -13.961510
   2.56010     -13.933887
   2.58771     -13.903273
   2.61532     -13.869753
   2.64293     -13.833424
   2.67054     -13.794388
   2.69815     -13.752764
   2.72576     -13.708677
   2.75338     -13.662261
   2.78099     -13.613658
   2.80860     -13.563017
   2.83621     -13.510500
   2.86382     -13.456276
   2.89143     -13.400509
   2.91904     -13.343375
   2.94665     -13.285051
   2.97427     -13.225713
   3.00188     -13.165541
   3.02949     -13.104711
   3.05710     -13.043401
   3.08471     -12.981785
   3.11232     -12.920051
 &
  
   0.00000     -11.854712
   0.01933     -11.854258
   0.03865     -11.852902
   0.05798     -11.850654
   0.07731     -11.847534
   0.09663     -11.843567
   0.11596     -11.838784
   0.13529     -11.833228
   0.15461     -11.826947
   0.17394     -11.819995
   0.19327     -11.812437
   0.21259     -11.804343
   0.23192     -11.795794
   0.25125     -11.786873
   0.27057     -11.777676
   0.28990     -11.768301
   0.30923     -11.758855
   0.32855     -11.749447
   0.34788     -11.740194
   0.36721     -11.731212
   0.38653     -11.722622
   0.40586     -11.714542
   0.42519     -11.707088
   0.44451     -11.700369
   0.46384     -11.694491
   0.48317     -11.689543
   0.50249     -11.685606
   0.52182     -11.682746
   0.54115     -11.681009
   0.56047     -11.680428
   0.58100     -11.682113
   0.60153     -11.687183
   0.62206     -11.695678
   0.64259     -11.707658
   0.66312     -11.723195
   0.68364     -11.742369
   0.70417     -11.765247
   0.72470     -11.791878
   0.74523     -11.822276
   0.76576     -11.856412
   0.78629     -11.894208
   0.80682     -11.935537
   0.82734     -11.980219
   0.84787     -12.028028
   0.86840     -12.078700
   0.88893     -12.131943
   0.90946     -12.187445
   0.92999     -12.244881
   0.95051     -12.303929
   0.97104     -12.364270
   0.99157     -12.425596
   1.01210     -12.487612
   1.03263     -12.550042
   1.05316     -12.612624
   1.07368     -12.675118
   1.09421     -12.737301
   1.11474     -12.798971
   1.13527     -12.859940
   1.15580     -12.920019
   1.17513     -12.918435
   1.19445     -12.917943
   1.21378     -12.918569
   1.23311     -12.920308
   1.25243     -12.923129
   1.27176     -12.926985
   1.29109     -12.931818
   1.31041     -12.937549
   1.32974     -12.944094
   1.34907     -12.951351
   1.36839     -12.959216
   1.38772     -12.967576
   1.40705     -12.976318
   1.42637     -12.985325
   1.44570     -12.994482
   1.46503     -13.003677
   1.48435     -13.012801
   1.50368     -13.021750
   1.52301     -13.030425
   1.54233     -13.038737
   1.56166     -13.046598
   1.58099     -13.053932
   1.60031     -13.060667
   1.61964     -13.066744
   1.63897     -13.072106
   1.65829     -13.076707
   1.67762     -13.080507
   1.69695     -13.083473
   1.71627     -13.085566
   1.73680     -13.023335
   1.75733     -12.960169
   1.77786     -12.896272
   1.79839     -12.831852
   1.81891     -12.767140
   1.83944     -12.702393
   1.85997     -12.637891
   1.88050     -12.573941
   1.90103     -12.510872
   1.92156     -12.449037
   1.94209     -12.388810
   1.96261     -12.330571
   1.98314     -12.274703
   2.00367     -12.221582
   2.02420     -12.171559
   2.04473     -12.124947
   2.06526     -12.081997
   2.08578     -12.042897
   2.10631     -12.007753
   2.12684     -11.976590
   2.14737     -11.949362
   2.16790     -11.925958
   2.18843     -11.906218
   2.20895     -11.889957
   2.22948     -11.876981
   2.25001     -11.867108
   2.27054     -11.860179
   2.29107     -11.856072
   2.31160     -11.854712
   2.33921     -11.855701
   2.36682     -11.858693
   2.39443     -11.863767
   2.42204     -11.871043
   2.44965     -11.880683
   2.47726     -11.892873
   2.50488     -11.907814
   2.53249     -11.925704
   2.56010     -11.946723
   2.58771     -11.971014
   2.61532     -11.998670
   2.64293     -12.029727
   2.67054     -12.064158
   2.69815     -12.101876
   2.72576     -12.142737
   2.75338     -12.186555
   2.78099     -12.233111
   2.80860     -12.282162
   2.83621     -12.333458
   2.86382     -12.386751
   2.89143     -12.441798
   2.91904     -12.498368
   2.94665     -12.556240
   2.97427     -12.615211
   3.00188     -12.675086
   3.02949     -12.735681
   3.05710     -12.796818
   3.08471     -12.858325
   3.11232     -12.920019
 &
  
   0.00000     -10.212609
   0.01933     -10.212568
   0.03865     -10.212443
   0.05798     -10.212239
   0.07731     -10.211967
   0.09663     -10.211632
   0.11596     -10.226646
   0.13529     -10.261293
   0.15461     -10.299352
   0.17394     -10.340193
   0.19327     -10.383193
   0.21259     -10.427744
   0.23192     -10.473265
   0.25125     -10.519203
   0.27057     -10.565037
   0.28990     -10.610280
   0.30923     -10.654475
   0.32855     -10.697195
   0.34788     -10.738044
   0.36721     -10.776652
   0.38653     -10.812677
   0.40586     -10.845806
   0.42519     -10.875750
   0.44451     -10.902249
   0.46384     -10.925076
   0.48317     -10.944031
   0.50249     -10.958949
   0.52182     -10.969699
   0.54115     -10.976188
   0.56047     -10.978358
   0.58100     -10.977478
   0.60153     -10.974839
   0.62206     -10.970451
   0.64259     -10.964328
   0.66312     -10.956496
   0.68364     -10.946981
   0.70417     -10.935820
   0.72470     -10.923058
   0.74523     -10.908744
   0.76576     -10.892941
   0.78629     -10.875718
   0.80682     -10.857152
   0.82734     -10.837334
   0.84787     -10.816364
   0.86840     -10.794352
   0.88893     -10.771425
   0.90946     -10.747718
   0.92999     -10.723380
   0.95051     -10.698576
   0.97104     -10.673481
   0.99157     -10.648282
   1.01210     -10.623179
   1.03263     -10.598382
   1.05316     -10.574102
   1.07368     -10.550556
   1.09421     -10.527954
   1.11474     -10.506499
   1.13527     -10.486371
   1.15580     -10.467735
   1.17513     -10.475828
   1.19445     -10.481935
   1.21378     -10.485996
   1.23311     -10.487999
   1.25243     -10.487961
   1.27176     -10.485934
   1.29109     -10.482003
   1.31041     -10.476272
   1.32974     -10.468876
   1.34907     -10.459961
   1.36839     -10.449691
   1.38772     -10.438238
   1.40705     -10.425780
   1.42637     -10.412497
   1.44570     -10.398566
   1.46503     -10.384158
   1.48435     -10.369440
   1.50368     -10.354565
   1.52301     -10.339678
   1.54233     -10.324915
   1.56166     -10.310397
   1.58099     -10.296236
   1.60031     -10.282535
   1.61964     -10.269391
   1.63897     -10.256889
   1.65829     -10.245115
   1.67762     -10.234149
   1.69695     -10.224069
   1.71627     -10.214960
   1.73680     -10.236266
   1.75733     -10.258040
   1.77786     -10.279923
   1.79839     -10.301550
   1.81891     -10.322550
   1.83944     -10.342549
   1.85997     -10.361174
   1.88050     -10.378058
   1.90103     -10.392844
   1.92156     -10.405191
   1.94209     -10.414778
   1.96261     -10.421320
   1.98314     -10.424572
   2.00367     -10.424349
   2.02420     -10.420548
   2.04473     -10.413165
   2.06526     -10.402311
   2.08578     -10.388232
   2.10631     -10.371321
   2.12684     -10.352120
   2.14737     -10.331314
   2.16790     -10.309712
   2.18843     -10.288220
   2.20895     -10.267800
   2.22948     -10.249420
   2.25001     -10.234000
   2.27054     -10.222342
   2.29107     -10.215077
   2.31160     -10.212609
   2.33921     -10.214382
   2.36682     -10.219601
   2.39443     -10.227989
   2.42204     -10.239107
   2.44965     -10.252390
   2.47726     -10.267195
   2.50488     -10.282846
   2.53249     -10.298677
   2.56010     -10.314082
   2.58771     -10.328544
   2.61532     -10.341667
   2.64293     -10.353193
   2.67054     -10.363011
   2.69815     -10.382455
   2.72576     -10.404024
   2.75338     -10.423759
   2.78099     -10.441401
   2.80860     -10.456743
   2.83621     -10.469631
   2.86382     -10.479963
   2.89143     -10.487688
   2.91904     -10.492812
   2.94665     -10.495390
   2.97427     -10.495541
   3.00188     -10.493437
   3.02949     -10.489303
   3.05710     -10.483418
   3.08471     -10.476107
   3.11232     -10.467735
 &
  
   0.00000     -10.121544
   0.01933     -10.124665
   0.03865     -10.133952
   0.05798     -10.149190
   0.07731     -10.170034
   0.09663     -10.196031
   0.11596     -10.211248
   0.13529     -10.210828
   0.15461     -10.210390
   0.17394     -10.209950
   0.19327     -10.209525
   0.21259     -10.209132
   0.23192     -10.208790
   0.25125     -10.208514
   0.27057     -10.208316
   0.28990     -10.208209
   0.30923     -10.208199
   0.32855     -10.208288
   0.34788     -10.208474
   0.36721     -10.208749
   0.38653     -10.209103
   0.40586     -10.209518
   0.42519     -10.209971
   0.44451     -10.210439
   0.46384     -10.210897
   0.48317     -10.211316
   0.50249     -10.211672
   0.52182     -10.211943
   0.54115     -10.212112
   0.56047     -10.212170
   0.58100     -10.213434
   0.60153     -10.217166
   0.62206     -10.223190
   0.64259     -10.231228
   0.66312     -10.240921
   0.68364     -10.251850
   0.70417     -10.263572
   0.72470     -10.275645
   0.74523     -10.287657
   0.76576     -10.299249
   0.78629     -10.310136
   0.80682     -10.320119
   0.82734     -10.329085
   0.84787     -10.337016
   0.86840     -10.343975
   0.88893     -10.350101
   0.90946     -10.355593
   0.92999     -10.360700
   0.95051     -10.365701
   0.97104     -10.370898
   0.99157     -10.376594
   1.01210     -10.383080
   1.03263     -10.390626
   1.05316     -10.399464
   1.07368     -10.409782
   1.09421     -10.421716
   1.11474     -10.435345
   1.13527     -10.450693
   1.15580     -10.467720
   1.17513     -10.457721
   1.19445     -10.445931
   1.21378     -10.432514
   1.23311     -10.417664
   1.25243     -10.401599
   1.27176     -10.384564
   1.29109     -10.366825
   1.31041     -10.348661
   1.32974     -10.330364
   1.34907     -10.312220
   1.36839     -10.294513
   1.38772     -10.277516
   1.40705     -10.261476
   1.42637     -10.246615
   1.44570     -10.233125
   1.46503     -10.221157
   1.48435     -10.210827
   1.50368     -10.202212
   1.52301     -10.195352
   1.54233     -10.190255
   1.56166     -10.186902
   1.58099     -10.185249
   1.60031     -10.185232
   1.61964     -10.186779
   1.63897     -10.189805
   1.65829     -10.194224
   1.67762     -10.199947
   1.69695     -10.206885
   1.71627     -10.214947
   1.73680     -10.194436
   1.75733     -10.175016
   1.77786     -10.156969
   1.79839     -10.140521
   1.81891     -10.125855
   1.83944     -10.113099
   1.85997     -10.102322
   1.88050     -10.093542
   1.90103     -10.086720
   1.92156     -10.081773
   1.94209     -10.078575
   1.96261     -10.076970
   1.98314     -10.076775
   2.00367     -10.077795
   2.02420     -10.079830
   2.04473     -10.082678
   2.06526     -10.086142
   2.08578     -10.090033
   2.10631     -10.094177
   2.12684     -10.098409
   2.14737     -10.102583
   2.16790     -10.106570
   2.18843     -10.110252
   2.20895     -10.113532
   2.22948     -10.116328
   2.25001     -10.118572
   2.27054     -10.120211
   2.29107     -10.121210
   2.31160     -10.121544
   2.33921     -10.123602
   2.36682     -10.129715
   2.39443     -10.139698
   2.42204     -10.153262
   2.44965     -10.170022
   2.47726     -10.189525
   2.50488     -10.211267
   2.53249     -10.234718
   2.56010     -10.259342
   2.58771     -10.284610
   2.61532     -10.310012
   2.64293     -10.335074
   2.67054     -10.359354
   2.69815     -10.371150
   2.72576     -10.377767
   2.75338     -10.383127
   2.78099     -10.387572
   2.80860     -10.391489
   2.83621     -10.395278
   2.86382     -10.399315
   2.89143     -10.403917
   2.91904     -10.409324
   2.94665     -10.415669
   2.97427     -10.422977
   3.00188     -10.431159
   3.02949     -10.440028
   3.05710     -10.449309
   3.08471     -10.458666
   3.11232     -10.467720
 &
  
   0.00000      -8.267066
   0.01933      -8.268689
   0.03865      -8.273537
   0.05798      -8.281541
   0.07731      -8.292588
   0.09663      -8.306520
   0.11596      -8.323142
   0.13529      -8.342222
   0.15461      -8.363501
   0.17394      -8.386690
   0.19327      -8.411480
   0.21259      -8.437549
   0.23192      -8.464564
   0.25125      -8.492188
   0.27057      -8.520082
   0.28990      -8.547915
   0.30923      -8.575362
   0.32855      -8.602112
   0.34788      -8.627871
   0.36721      -8.652356
   0.38653      -8.675310
   0.40586      -8.696495
   0.42519      -8.715698
   0.44451      -8.732726
   0.46384      -8.747416
   0.48317      -8.759625
   0.50249      -8.769240
   0.52182      -8.776171
   0.54115      -8.780355
   0.56047      -8.781755
   0.58100      -8.781346
   0.60153      -8.780122
   0.62206      -8.778088
   0.64259      -8.775255
   0.66312      -8.771637
   0.68364      -8.767253
   0.70417      -8.762126
   0.72470      -8.756281
   0.74523      -8.749747
   0.76576      -8.742546
   0.78629      -8.734697
   0.80682      -8.726211
   0.82734      -8.717082
   0.84787      -8.707286
   0.86840      -8.696771
   0.88893      -8.685455
   0.90946      -8.673220
   0.92999      -8.659913
   0.95051      -8.645341
   0.97104      -8.629274
   0.99157      -8.611450
   1.01210      -8.591588
   1.03263      -8.569393
   1.05316      -8.544567
   1.07368      -8.516831
   1.09421      -8.485927
   1.11474      -8.451635
   1.13527      -8.413776
   1.15580      -8.372239
   1.17513      -8.380644
   1.19445      -8.388551
   1.21378      -8.395791
   1.23311      -8.402190
   1.25243      -8.407549
   1.27176      -8.411662
   1.29109      -8.414316
   1.31041      -8.415299
   1.32974      -8.414416
   1.34907      -8.411489
   1.36839      -8.406377
   1.38772      -8.398976
   1.40705      -8.389236
   1.42637      -8.377161
   1.44570      -8.362823
   1.46503      -8.346359
   1.48435      -8.327980
   1.50368      -8.307963
   1.52301      -8.286653
   1.54233      -8.264451
   1.56166      -8.241807
   1.58099      -8.219206
   1.60031      -8.197149
   1.61964      -8.176143
   1.63897      -8.156673
   1.65829      -8.139186
   1.67762      -8.124070
   1.69695      -8.111639
   1.71627      -8.102133
   1.73680      -8.102716
   1.75733      -8.101088
   1.77786      -8.097688
   1.79839      -8.092988
   1.81891      -8.087472
   1.83944      -8.081619
   1.85997      -8.075895
   1.88050      -8.070745
   1.90103      -8.066581
   1.92156      -8.063775
   1.94209      -8.062650
   1.96261      -8.063479
   1.98314      -8.066462
   2.00367      -8.071738
   2.02420      -8.079370
   2.04473      -8.089341
   2.06526      -8.101546
   2.08578      -8.115791
   2.10631      -8.131788
   2.12684      -8.149146
   2.14737      -8.167382
   2.16790      -8.185918
   2.18843      -8.204098
   2.20895      -8.221213
   2.22948      -8.236530
   2.25001      -8.249340
   2.27054      -8.259005
   2.29107      -8.265022
   2.31160      -8.267066
   2.33921      -8.267862
   2.36682      -8.270283
   2.39443      -8.274421
   2.42204      -8.280400
   2.44965      -8.288346
   2.47726      -8.298351
   2.50488      -8.310443
   2.53249      -8.324562
   2.56010      -8.340549
   2.58771      -8.358144
   2.61532      -8.376993
   2.64293      -8.396662
   2.67054      -8.416647
   2.69815      -8.436398
   2.72576      -8.455323
   2.75338      -8.472821
   2.78099      -8.488282
   2.80860      -8.501116
   2.83621      -8.510771
   2.86382      -8.516757
   2.89143      -8.518661
   2.91904      -8.516168
   2.94665      -8.509075
   2.97427      -8.497295
   3.00188      -8.480854
   3.02949      -8.459883
   3.05710      -8.434596
   3.08471      -8.405270
   3.11232      -8.372239
 &
  
   0.00000      -7.273967
   0.01933      -7.270886
   0.03865      -7.261719
   0.05798      -7.246695
   0.07731      -7.226175
   0.09663      -7.200631
   0.11596      -7.170613
   0.13529      -7.136730
   0.15461      -7.099614
   0.17394      -7.059898
   0.19327      -7.018200
   0.21259      -6.975106
   0.23192      -6.931167
   0.25125      -6.886889
   0.27057      -6.842736
   0.28990      -6.799136
   0.30923      -6.756476
   0.32855      -6.715119
   0.34788      -6.675407
   0.36721      -6.637661
   0.38653      -6.602199
   0.40586      -6.569332
   0.42519      -6.539365
   0.44451      -6.512602
   0.46384      -6.489338
   0.48317      -6.469851
   0.50249      -6.454396
   0.52182      -6.443187
   0.54115      -6.436392
   0.56047      -6.434115
   0.58100      -6.441949
   0.60153      -6.464985
   0.62206      -6.501951
   0.64259      -6.551048
   0.66312      -6.610275
   0.68364      -6.677670
   0.70417      -6.751458
   0.72470      -6.830098
   0.74523      -6.912287
   0.76576      -6.996935
   0.78629      -7.083133
   0.80682      -7.170119
   0.82734      -7.257251
   0.84787      -7.343980
   0.86840      -7.429836
   0.88893      -7.514407
   0.90946      -7.597329
   0.92999      -7.678275
   0.95051      -7.756955
   0.97104      -7.833102
   0.99157      -7.906478
   1.01210      -7.976858
   1.03263      -8.044048
   1.05316      -8.107870
   1.07368      -8.168175
   1.09421      -8.224835
   1.11474      -8.277760
   1.13527      -8.326894
   1.15580      -8.372205
   1.17513      -8.363408
   1.19445      -8.354292
   1.21378      -8.344932
   1.23311      -8.335356
   1.25243      -8.325566
   1.27176      -8.315536
   1.29109      -8.305226
   1.31041      -8.294583
   1.32974      -8.283554
   1.34907      -8.272088
   1.36839      -8.260144
   1.38772      -8.247703
   1.40705      -8.234772
   1.42637      -8.221388
   1.44570      -8.207627
   1.46503      -8.193601
   1.48435      -8.179470
   1.50368      -8.165434
   1.52301      -8.151734
   1.54233      -8.138655
   1.56166      -8.126510
   1.58099      -8.115638
   1.60031      -8.106389
   1.61964      -8.099113
   1.63897      -8.094137
   1.65829      -8.091754
   1.67762      -8.092198
   1.69695      -8.095627
   1.71627      -8.102098
   1.73680      -8.098866
   1.75733      -8.092583
   1.77786      -8.082945
   1.79839      -8.069690
   1.81891      -8.052636
   1.83944      -8.031681
   1.85997      -8.006814
   1.88050      -7.978113
   1.90103      -7.945752
   1.92156      -7.909986
   1.94209      -7.871157
   1.96261      -7.829681
   1.98314      -7.786038
   2.00367      -7.740773
   2.02420      -7.694476
   2.04473      -7.647784
   2.06526      -7.601355
   2.08578      -7.555861
   2.10631      -7.511971
   2.12684      -7.470333
   2.14737      -7.431553
   2.16790      -7.396182
   2.18843      -7.364695
   2.20895      -7.337489
   2.22948      -7.314873
   2.25001      -7.297081
   2.27054      -7.284271
   2.29107      -7.276547
   2.31160      -7.273967
   2.33921      -7.275030
   2.36682      -7.278351
   2.39443      -7.284313
   2.42204      -7.293482
   2.44965      -7.306505
   2.47726      -7.324000
   2.50488      -7.346437
   2.53249      -7.374063
   2.56010      -7.406857
   2.58771      -7.444542
   2.61532      -7.486635
   2.64293      -7.532515
   2.67054      -7.581490
   2.69815      -7.632862
   2.72576      -7.685963
   2.75338      -7.740182
   2.78099      -7.794980
   2.80860      -7.849888
   2.83621      -7.904505
   2.86382      -7.958490
   2.89143      -8.011544
   2.91904      -8.063406
   2.94665      -8.113828
   2.97427      -8.162575
   3.00188      -8.209409
   3.02949      -8.254076
   3.05710      -8.296301
   3.08471      -8.335790
   3.11232      -8.372205
 &
  
   0.00000      -5.627021
   0.01933      -5.627814
   0.03865      -5.630123
   0.05798      -5.633745
   0.07731      -5.638374
   0.09663      -5.643632
   0.11596      -5.649115
   0.13529      -5.654431
   0.15461      -5.659219
   0.17394      -5.663174
   0.19327      -5.666059
   0.21259      -5.667699
   0.23192      -5.667993
   0.25125      -5.666897
   0.27057      -5.664424
   0.28990      -5.660644
   0.30923      -5.655667
   0.32855      -5.649640
   0.34788      -5.642752
   0.36721      -5.635210
   0.38653      -5.627252
   0.40586      -5.619129
   0.42519      -5.611106
   0.44451      -5.603451
   0.46384      -5.596427
   0.48317      -5.590283
   0.50249      -5.585242
   0.52182      -5.581496
   0.54115      -5.579187
   0.56047      -5.578408
   0.58100      -5.573814
   0.60153      -5.560357
   0.62206      -5.539138
   0.64259      -5.512509
   0.66312      -5.485261
   0.68364      -5.466811
   0.70417      -5.471544
   0.72470      -5.508078
   0.74523      -5.568963
   0.76576      -5.641828
   0.78629      -5.718543
   0.80682      -5.794749
   0.82734      -5.868042
   0.84787      -5.936982
   0.86840      -6.000633
   0.88893      -6.058344
   0.90946      -6.109650
   0.92999      -6.154219
   0.95051      -6.191826
   0.97104      -6.222334
   0.99157      -6.245688
   1.01210      -6.261904
   1.03263      -6.271066
   1.05316      -6.273313
   1.07368      -6.268841
   1.09421      -6.257887
   1.11474      -6.240725
   1.13527      -6.217658
   1.15580      -6.189021
   1.17513      -6.186765
   1.19445      -6.179050
   1.21378      -6.165985
   1.23311      -6.147713
   1.25243      -6.124413
   1.27176      -6.096292
   1.29109      -6.063583
   1.31041      -6.026541
   1.32974      -5.985443
   1.34907      -5.940588
   1.36839      -5.892296
   1.38772      -5.840909
   1.40705      -5.786795
   1.42637      -5.730351
   1.44570      -5.672007
   1.46503      -5.612227
   1.48435      -5.551519
   1.50368      -5.490428
   1.52301      -5.429541
   1.54233      -5.369474
   1.56166      -5.310852
   1.58099      -5.254273
   1.60031      -5.200257
   1.61964      -5.149179
   1.63897      -5.101207
   1.65829      -5.056271
   1.67762      -5.014125
   1.69695      -4.974549
   1.71627      -4.937870
   1.73680      -4.976526
   1.75733      -5.019982
   1.77786      -5.065411
   1.79839      -5.111130
   1.81891      -5.156104
   1.83944      -5.199622
   1.85997      -5.241166
   1.88050      -5.280316
   1.90103      -5.316713
   1.92156      -5.350035
   1.94209      -5.379973
   1.96261      -5.406231
   1.98314      -5.428516
   2.00367      -5.446541
   2.02420      -5.460026
   2.04473      -5.468706
   2.06526      -5.472349
   2.08578      -5.470762
   2.10631      -5.463827
   2.12684      -5.451526
   2.14737      -5.433993
   2.16790      -5.454190
   2.18843      -5.497784
   2.20895      -5.536005
   2.22948      -5.568133
   2.25001      -5.593629
   2.27054      -5.612096
   2.29107      -5.623278
   2.31160      -5.627021
   2.33921      -5.623649
   2.36682      -5.613642
   2.39443      -5.597345
   2.42204      -5.575430
   2.44965      -5.549024
   2.47726      -5.519937
   2.50488      -5.490935
   2.53249      -5.466041
   2.56010      -5.450608
   2.58771      -5.450599
   2.61532      -5.470593
   2.64293      -5.511443
   2.67054      -5.569827
   2.69815      -5.640184
   2.72576      -5.716905
   2.75338      -5.795412
   2.78099      -5.872274
   2.80860      -5.945005
   2.83621      -6.011803
   2.86382      -6.071363
   2.89143      -6.122726
   2.91904      -6.165190
   2.94665      -6.198254
   2.97427      -6.221579
   3.00188      -6.234957
   3.02949      -6.238306
   3.05710      -6.231652
   3.08471      -6.215137
   3.11232      -6.189021
 &
  
   0.00000      -5.235807
   0.01933      -5.235552
   0.03865      -5.234790
   0.05798      -5.233524
   0.07731      -5.231768
   0.09663      -5.229535
   0.11596      -5.226852
   0.13529      -5.223758
   0.15461      -5.220303
   0.17394      -5.216549
   0.19327      -5.212571
   0.21259      -5.208454
   0.23192      -5.204295
   0.25125      -5.200194
   0.27057      -5.196253
   0.28990      -5.192579
   0.30923      -5.189269
   0.32855      -5.186412
   0.34788      -5.184079
   0.36721      -5.182320
   0.38653      -5.181153
   0.40586      -5.180566
   0.42519      -5.180504
   0.44451      -5.180880
   0.46384      -5.181573
   0.48317      -5.182437
   0.50249      -5.183318
   0.52182      -5.184073
   0.54115      -5.184578
   0.56047      -5.184756
   0.58100      -5.182445
   0.60153      -5.176030
   0.62206      -5.166957
   0.64259      -5.157273
   0.66312      -5.149279
   0.68364      -5.145212
   0.70417      -5.147010
   0.72470      -5.156140
   0.74523      -5.173488
   0.76576      -5.199320
   0.78629      -5.233328
   0.80682      -5.274758
   0.82734      -5.322571
   0.84787      -5.375602
   0.86840      -5.432671
   0.88893      -5.492657
   0.90946      -5.554534
   0.92999      -5.617382
   0.95051      -5.680384
   0.97104      -5.742817
   0.99157      -5.804034
   1.01210      -5.863453
   1.03263      -5.920547
   1.05316      -5.974831
   1.07368      -6.025851
   1.09421      -6.073179
   1.11474      -6.116408
   1.13527      -6.155146
   1.15580      -6.189012
   1.17513      -6.185732
   1.19445      -6.176878
   1.21378      -6.162461
   1.23311      -6.142529
   1.25243      -6.117170
   1.27176      -6.086508
   1.29109      -6.050704
   1.31041      -6.009948
   1.32974      -5.964464
   1.34907      -5.914497
   1.36839      -5.860320
   1.38772      -5.802229
   1.40705      -5.740546
   1.42637      -5.675619
   1.44570      -5.607829
   1.46503      -5.537600
   1.48435      -5.465403
   1.50368      -5.391778
   1.52301      -5.317352
   1.54233      -5.242881
   1.56166      -5.169295
   1.58099      -5.097799
   1.60031      -5.030078
   1.61964      -4.968767
   1.63897      -4.918610
   1.65829      -4.888179
   1.67762      -4.885712
   1.69695      -4.906147
   1.71627      -4.937868
   1.73680      -4.908480
   1.75733      -4.893198
   1.77786      -4.892820
   1.79839      -4.902677
   1.81891      -4.917265
   1.83944      -4.933085
   1.85997      -4.948469
   1.88050      -4.962893
   1.90103      -4.976577
   1.92156      -4.990289
   1.94209      -5.005257
   1.96261      -5.023039
   1.98314      -5.045319
   2.00367      -5.073554
   2.02420      -5.108565
   2.04473      -5.150240
   2.06526      -5.197528
   2.08578      -5.248717
   2.10631      -5.301822
   2.12684      -5.354884
   2.14737      -5.406163
   2.16790      -5.411554
   2.18843      -5.384805
   2.20895      -5.354706
   2.22948      -5.322733
   2.25001      -5.291114
   2.27054      -5.263118
   2.29107      -5.243160
   2.31160      -5.235807
   2.33921      -5.247051
   2.36682      -5.275167
   2.39443      -5.310067
   2.42204      -5.344348
   2.44965      -5.373772
   2.47726      -5.396120
   2.50488      -5.410463
   2.53249      -5.416835
   2.56010      -5.416098
   2.58771      -5.409859
   2.61532      -5.400417
   2.64293      -5.390708
   2.67054      -5.384188
   2.69815      -5.384606
   2.72576      -5.395504
   2.75338      -5.419508
   2.78099      -5.457596
   2.80860      -5.508830
   2.83621      -5.570752
   2.86382      -5.640150
   2.89143      -5.713746
   2.91904      -5.788596
   2.94665      -5.862223
   2.97427      -5.932607
   3.00188      -5.998127
   3.02949      -6.057474
   3.05710      -6.109600
   3.08471      -6.153668
   3.11232      -6.189012
 &
  
   0.00000      -4.864349
   0.01933      -4.862140
   0.03865      -4.855536
   0.05798      -4.844622
   0.07731      -4.829536
   0.09663      -4.810474
   0.11596      -4.787697
   0.13529      -4.761531
   0.15461      -4.732387
   0.17394      -4.700754
   0.19327      -4.667209
   0.21259      -4.632425
   0.23192      -4.597156
   0.25125      -4.562229
   0.27057      -4.528508
   0.28990      -4.496854
   0.30923      -4.468059
   0.32855      -4.442771
   0.34788      -4.441648
   0.36721      -4.484989
   0.38653      -4.525279
   0.40586      -4.562130
   0.42519      -4.595243
   0.44451      -4.624376
   0.46384      -4.649337
   0.48317      -4.669970
   0.50249      -4.686149
   0.52182      -4.697775
   0.54115      -4.704779
   0.56047      -4.707119
   0.58100      -4.723567
   0.60153      -4.768971
   0.62206      -4.834109
   0.64259      -4.908472
   0.66312      -4.981195
   0.68364      -5.038895
   0.70417      -5.064763
   0.72470      -5.048756
   0.74523      -4.997545
   0.76576      -4.923138
   0.78629      -4.833588
   0.80682      -4.733394
   0.82734      -4.625267
   0.84787      -4.511136
   0.86840      -4.392626
   0.88893      -4.271337
   0.90946      -4.176640
   0.92999      -4.141489
   0.95051      -4.104293
   0.97104      -4.065259
   0.99157      -4.024591
   1.01210      -3.982498
   1.03263      -3.939209
   1.05316      -3.894973
   1.07368      -3.850086
   1.09421      -3.804918
   1.11474      -3.759931
   1.13527      -3.715744
   1.15580      -3.673225
   1.17513      -3.679466
   1.19445      -3.689083
   1.21378      -3.702026
   1.23311      -3.718252
   1.25243      -3.737719
   1.27176      -3.760381
   1.29109      -3.786193
   1.31041      -3.815108
   1.32974      -3.847061
   1.34907      -3.881970
   1.36839      -3.919711
   1.38772      -3.960104
   1.40705      -4.002888
   1.42637      -4.047706
   1.44570      -4.094099
   1.46503      -4.141499
   1.48435      -4.189250
   1.50368      -4.236624
   1.52301      -4.303895
   1.54233      -4.371808
   1.56166      -4.438071
   1.58099      -4.501353
   1.60031      -4.560132
   1.61964      -4.612227
   1.63897      -4.653628
   1.65829      -4.676704
   1.67762      -4.674238
   1.69695      -4.652223
   1.71627      -4.622920
   1.73680      -4.639714
   1.75733      -4.638350
   1.77786      -4.618308
   1.79839      -4.584726
   1.81891      -4.543808
   1.83944      -4.500017
   1.85997      -4.456336
   1.88050      -4.415024
   1.90103      -4.378100
   1.92156      -4.347509
   1.94209      -4.324956
   1.96261      -4.311306
   1.98314      -4.324646
   2.00367      -4.355686
   2.02420      -4.389124
   2.04473      -4.424038
   2.06526      -4.459916
   2.08578      -4.496503
   2.10631      -4.533712
   2.12684      -4.571548
   2.14737      -4.610045
   2.16790      -4.649194
   2.18843      -4.688846
   2.20895      -4.728570
   2.22948      -4.767454
   2.25001      -4.803811
   2.27054      -4.834835
   2.29107      -4.856463
   2.31160      -4.864349
   2.33921      -4.847640
   2.36682      -4.803119
   2.39443      -4.740862
   2.42204      -4.668329
   2.44965      -4.589974
   2.47726      -4.508580
   2.50488      -4.426202
   2.53249      -4.363694
   2.56010      -4.411558
   2.58771      -4.444665
   2.61532      -4.454070
   2.64293      -4.436007
   2.67054      -4.392050
   2.69815      -4.326884
   2.72576      -4.245888
   2.75338      -4.188670
   2.78099      -4.197323
   2.80860      -4.191139
   2.83621      -4.170878
   2.86382      -4.138736
   2.89143      -4.097346
   2.91904      -4.049225
   2.94665      -3.996561
   2.97427      -3.941206
   3.00188      -3.884719
   3.02949      -3.828458
   3.05710      -3.773652
   3.08471      -3.721492
   3.11232      -3.673225
 &
  
   0.00000      -4.213452
   0.01933      -4.210235
   0.03865      -4.200823
   0.05798      -4.185955
   0.07731      -4.166883
   0.09663      -4.145438
   0.11596      -4.124091
   0.13529      -4.105980
   0.15461      -4.094720
   0.17394      -4.093738
   0.19327      -4.105181
   0.21259      -4.129024
   0.23192      -4.163249
   0.25125      -4.204892
   0.27057      -4.251050
   0.28990      -4.299353
   0.30923      -4.348022
   0.32855      -4.395765
   0.34788      -4.421437
   0.36721      -4.404241
   0.38653      -4.391097
   0.40586      -4.381670
   0.42519      -4.375438
   0.44451      -4.371767
   0.46384      -4.369992
   0.48317      -4.369480
   0.50249      -4.369677
   0.52182      -4.370138
   0.54115      -4.370543
   0.56047      -4.370700
   0.58100      -4.370711
   0.60153      -4.370746
   0.62206      -4.370791
   0.64259      -4.370760
   0.66312      -4.370428
   0.68364      -4.369373
   0.70417      -4.366994
   0.72470      -4.362571
   0.74523      -4.355411
   0.76576      -4.344971
   0.78629      -4.330943
   0.80682      -4.313260
   0.82734      -4.292034
   0.84787      -4.267487
   0.86840      -4.239889
   0.88893      -4.209520
   0.90946      -4.149050
   0.92999      -4.027955
   0.95051      -3.910949
   0.97104      -3.801997
   0.99157      -3.706443
   1.01210      -3.630653
   1.03263      -3.580065
   1.05316      -3.556064
   1.07368      -3.555067
   1.09421      -3.571093
   1.11474      -3.598613
   1.13527      -3.633565
   1.15580      -3.673202
   1.17513      -3.670364
   1.19445      -3.670949
   1.21378      -3.675008
   1.23311      -3.682582
   1.25243      -3.693735
   1.27176      -3.708553
   1.29109      -3.727169
   1.31041      -3.749769
   1.32974      -3.776596
   1.34907      -3.807954
   1.36839      -3.844177
   1.38772      -3.885577
   1.40705      -3.932358
   1.42637      -3.984507
   1.44570      -4.041712
   1.46503      -4.103314
   1.48435      -4.168349
   1.50368      -4.235638
   1.52301      -4.282871
   1.54233      -4.327267
   1.56166      -4.369175
   1.58099      -4.408127
   1.60031      -4.443907
   1.61964      -4.476647
   1.63897      -4.506883
   1.65829      -4.535551
   1.67762      -4.563842
   1.69695      -4.592854
   1.71627      -4.622907
   1.73680      -4.592693
   1.75733      -4.553612
   1.77786      -4.508839
   1.79839      -4.460719
   1.81891      -4.411477
   1.83944      -4.363777
   1.85997      -4.321198
   1.88050      -4.288289
   1.90103      -4.269397
   1.92156      -4.266256
   1.94209      -4.276919
   1.96261      -4.297560
   1.98314      -4.305718
   2.00367      -4.305372
   2.02420      -4.306437
   2.04473      -4.305685
   2.06526      -4.301456
   2.08578      -4.293653
   2.10631      -4.283184
   2.12684      -4.271347
   2.14737      -4.259383
   2.16790      -4.248235
   2.18843      -4.238485
   2.20895      -4.230396
   2.22948      -4.224013
   2.25001      -4.219253
   2.27054      -4.215982
   2.29107      -4.214076
   2.31160      -4.213452
   2.33921      -4.213100
   2.36682      -4.212709
   2.39443      -4.214326
   2.42204      -4.221401
   2.44965      -4.238345
   2.47726      -4.268805
   2.50488      -4.312600
   2.53249      -4.344854
   2.56010      -4.267241
   2.58771      -4.197817
   2.61532      -4.144091
   2.64293      -4.115825
   2.67054      -4.117265
   2.69815      -4.139481
   2.72576      -4.167247
   2.75338      -4.153970
   2.78099      -4.055440
   2.80860      -3.954308
   2.83621      -3.854744
   2.86382      -3.761505
   2.89143      -3.680094
   2.91904      -3.616157
   2.94665      -3.573703
   2.97427      -3.553339
   3.00188      -3.552499
   3.02949      -3.567325
   3.05710      -3.594189
   3.08471      -3.630214
   3.11232      -3.673202
 &
  
   0.00000      -3.502133
   0.01933      -3.501063
   0.03865      -3.497861
   0.05798      -3.492551
   0.07731      -3.485175
   0.09663      -3.475797
   0.11596      -3.464512
   0.13529      -3.451457
   0.15461      -3.436820
   0.17394      -3.420863
   0.19327      -3.403939
   0.21259      -3.386513
   0.23192      -3.373908
   0.25125      -3.362437
   0.27057      -3.355193
   0.28990      -3.356635
   0.30923      -3.367767
   0.32855      -3.386874
   0.34788      -3.411319
   0.36721      -3.438696
   0.38653      -3.467142
   0.40586      -3.495268
   0.42519      -3.522034
   0.44451      -3.546636
   0.46384      -3.568441
   0.48317      -3.586943
   0.50249      -3.601742
   0.52182      -3.612530
   0.54115      -3.619089
   0.56047      -3.621291
   0.58100      -3.600590
   0.60153      -3.542228
   0.62206      -3.454731
   0.64259      -3.346956
   0.66312      -3.226110
   0.68364      -3.097960
   0.70417      -3.065103
   0.72470      -3.033882
   0.74523      -3.000856
   0.76576      -2.967331
   0.78629      -2.934411
   0.80682      -2.902762
   0.82734      -2.872556
   0.84787      -2.843610
   0.86840      -2.815580
   0.88893      -2.788129
   0.90946      -2.802279
   0.92999      -2.834442
   0.95051      -2.862717
   0.97104      -2.883921
   0.99157      -2.893746
   1.01210      -2.887183
   1.03263      -2.860593
   1.05316      -2.814914
   1.07368      -2.756658
   1.09421      -2.695181
   1.11474      -2.639298
   1.13527      -2.595253
   1.15580      -2.565876
   1.17513      -2.585022
   1.19445      -2.611611
   1.21378      -2.645425
   1.23311      -2.686141
   1.25243      -2.733295
   1.27176      -2.786269
   1.29109      -2.844262
   1.31041      -2.906276
   1.32974      -2.971124
   1.34907      -3.037458
   1.36839      -3.103822
   1.38772      -3.168746
   1.40705      -3.230857
   1.42637      -3.289003
   1.44570      -3.342363
   1.46503      -3.390484
   1.48435      -3.433249
   1.50368      -3.470770
   1.52301      -3.503268
   1.54233      -3.530961
   1.56166      -3.553967
   1.58099      -3.572261
   1.60031      -3.585635
   1.61964      -3.593699
   1.63897      -3.595902
   1.65829      -3.591602
   1.67762      -3.580192
   1.69695      -3.561289
   1.71627      -3.534948
   1.73680      -3.582887
   1.75733      -3.630023
   1.77786      -3.675413
   1.79839      -3.717925
   1.81891      -3.756035
   1.83944      -3.787515
   1.85997      -3.809116
   1.88050      -3.816583
   1.90103      -3.805874
   1.92156      -3.775597
   1.94209      -3.728113
   1.96261      -3.739559
   1.98314      -3.762713
   2.00367      -3.769812
   2.02420      -3.763068
   2.04473      -3.744991
   2.06526      -3.717429
   2.08578      -3.681330
   2.10631      -3.636973
   2.12684      -3.584320
   2.14737      -3.523354
   2.16790      -3.454322
   2.18843      -3.377897
   2.20895      -3.362620
   2.22948      -3.409998
   2.25001      -3.449162
   2.27054      -3.478246
   2.29107      -3.496112
   2.31160      -3.502133
   2.33921      -3.498534
   2.36682      -3.488087
   2.39443      -3.471931
   2.42204      -3.452280
   2.44965      -3.432890
   2.47726      -3.479475
   2.50488      -3.518266
   2.53249      -3.530113
   2.56010      -3.520435
   2.58771      -3.525444
   2.61532      -3.565662
   2.64293      -3.580531
   2.67054      -3.558793
   2.69815      -3.503675
   2.72576      -3.426011
   2.75338      -3.335015
   2.78099      -3.236659
   2.80860      -3.168556
   2.83621      -3.134454
   2.86382      -3.099971
   2.89143      -3.061484
   2.91904      -3.014844
   2.94665      -2.957328
   2.97427      -2.889604
   3.00188      -2.815655
   3.02949      -2.741017
   3.05710      -2.671279
   3.08471      -2.611477
   3.11232      -2.565876
 &
  
   0.00000      -2.955695
   0.01933      -2.967644
   0.03865      -3.001837
   0.05798      -3.053302
   0.07731      -3.114977
   0.09663      -3.179901
   0.11596      -3.242269
   0.13529      -3.297266
   0.15461      -3.340799
   0.17394      -3.369812
   0.19327      -3.383259
   0.21259      -3.383032
   0.23192      -3.369154
   0.25125      -3.352504
   0.27057      -3.337163
   0.28990      -3.323511
   0.30923      -3.311525
   0.32855      -3.300725
   0.34788      -3.290332
   0.36721      -3.279541
   0.38653      -3.267791
   0.40586      -3.254884
   0.42519      -3.241002
   0.44451      -3.226631
   0.46384      -3.212467
   0.48317      -3.199314
   0.50249      -3.188000
   0.52182      -3.179281
   0.54115      -3.173778
   0.56047      -3.171897
   0.58100      -3.169803
   0.60153      -3.163466
   0.62206      -3.152744
   0.64259      -3.137476
   0.66312      -3.117609
   0.68364      -3.093312
   0.70417      -2.968023
   0.72470      -2.843702
   0.74523      -2.738218
   0.76576      -2.671388
   0.78629      -2.649206
   0.80682      -2.655459
   0.82734      -2.675828
   0.84787      -2.703458
   0.86840      -2.735037
   0.88893      -2.768539
   0.90946      -2.761008
   0.92999      -2.734089
   0.95051      -2.707365
   0.97104      -2.680949
   0.99157      -2.655078
   1.01210      -2.630127
   1.03263      -2.606640
   1.05316      -2.585387
   1.07368      -2.567439
   1.09421      -2.554276
   1.11474      -2.547897
   1.13527      -2.550830
   1.15580      -2.565863
   1.17513      -2.554270
   1.19445      -2.550239
   1.21378      -2.553708
   1.23311      -2.564508
   1.25243      -2.582371
   1.27176      -2.606903
   1.29109      -2.637566
   1.31041      -2.673652
   1.32974      -2.714279
   1.34907      -2.758406
   1.36839      -2.804899
   1.38772      -2.852590
   1.40705      -2.900365
   1.42637      -2.947249
   1.44570      -2.992464
   1.46503      -3.035476
   1.48435      -3.076034
   1.50368      -3.114188
   1.52301      -3.150328
   1.54233      -3.185198
   1.56166      -3.219873
   1.58099      -3.255628
   1.60031      -3.293601
   1.61964      -3.334306
   1.63897      -3.377240
   1.65829      -3.420894
   1.67762      -3.463148
   1.69695      -3.501792
   1.71627      -3.534933
   1.73680      -3.487095
   1.75733      -3.440433
   1.77786      -3.396655
   1.79839      -3.359572
   1.81891      -3.341073
   1.83944      -3.366666
   1.85997      -3.430477
   1.88050      -3.505170
   1.90103      -3.578652
   1.92156      -3.644993
   1.94209      -3.699764
   1.96261      -3.667772
   1.98314      -3.598791
   2.00367      -3.524592
   2.02420      -3.448081
   2.04473      -3.372238
   2.06526      -3.300944
   2.08578      -3.240246
   2.10631      -3.199702
   2.12684      -3.190049
   2.14737      -3.212940
   2.16790      -3.257259
   2.18843      -3.310029
   2.20895      -3.295338
   2.22948      -3.208771
   2.25001      -3.121866
   2.27054      -3.041369
   2.29107      -2.979818
   2.31160      -2.955695
   2.33921      -2.998646
   2.36682      -3.096668
   2.39443      -3.210488
   2.42204      -3.319616
   2.44965      -3.412016
   2.47726      -3.419566
   2.50488      -3.419768
   2.53249      -3.439508
   2.56010      -3.478000
   2.58771      -3.495406
   2.61532      -3.460268
   2.64293      -3.419034
   2.67054      -3.374712
   2.69815      -3.329599
   2.72576      -3.285451
   2.75338      -3.243538
   2.78099      -3.204577
   2.80860      -3.134948
   2.83621      -3.033002
   2.86382      -2.933631
   2.89143      -2.839573
   2.91904      -2.753542
   2.94665      -2.678169
   2.97427      -2.615919
   3.00188      -2.569025
   3.02949      -2.539448
   3.05710      -2.528731
   3.08471      -2.537670
   3.11232      -2.565863
 &
  
   0.00000      -2.497961
   0.01933      -2.540435
   0.03865      -2.597065
   0.05798      -2.644248
   0.07731      -2.683418
   0.09663      -2.718054
   0.11596      -2.750703
   0.13529      -2.782659
   0.15461      -2.814243
   0.17394      -2.845041
   0.19327      -2.873981
   0.21259      -2.899268
   0.23192      -2.918248
   0.25125      -2.927461
   0.27057      -2.923396
   0.28990      -2.904149
   0.30923      -2.870706
   0.32855      -2.831924
   0.34788      -2.809061
   0.36721      -2.779691
   0.38653      -2.745874
   0.40586      -2.709806
   0.42519      -2.673693
   0.44451      -2.639631
   0.46384      -2.609430
   0.48317      -2.584403
   0.50249      -2.565224
   0.52182      -2.551953
   0.54115      -2.544257
   0.56047      -2.541748
   0.58100      -2.545196
   0.60153      -2.554587
   0.62206      -2.567499
   0.64259      -2.580952
   0.66312      -2.592139
   0.68364      -2.598735
   0.70417      -2.598930
   0.72470      -2.591360
   0.74523      -2.575072
   0.76576      -2.549583
   0.78629      -2.515006
   0.80682      -2.472128
   0.82734      -2.422323
   0.84787      -2.367309
   0.86840      -2.308869
   0.88893      -2.248651
   0.90946      -2.188070
   0.92999      -2.128314
   0.95051      -2.070399
   0.97104      -2.015263
   0.99157      -1.963885
   1.01210      -1.917419
   1.03263      -1.884830
   1.05316      -1.895759
   1.07368      -1.901523
   1.09421      -1.900224
   1.11474      -1.890689
   1.13527      -1.873483
   1.15580      -1.851773
   1.17513      -1.868618
   1.19445      -1.886725
   1.21378      -1.906823
   1.23311      -1.929700
   1.25243      -1.956044
   1.27176      -1.986288
   1.29109      -2.020542
   1.31041      -2.058609
   1.32974      -2.100107
   1.34907      -2.144616
   1.36839      -2.191792
   1.38772      -2.241403
   1.40705      -2.293322
   1.42637      -2.347457
   1.44570      -2.403676
   1.46503      -2.461708
   1.48435      -2.521067
   1.50368      -2.580960
   1.52301      -2.640200
   1.54233      -2.697150
   1.56166      -2.749701
   1.58099      -2.795384
   1.60031      -2.831704
   1.61964      -2.856636
   1.63897      -2.869053
   1.65829      -2.868778
   1.67762      -2.856306
   1.69695      -2.832446
   1.71627      -2.798099
   1.73680      -2.875893
   1.75733      -2.955090
   1.77786      -3.034450
   1.79839      -3.110406
   1.81891      -3.170978
   1.83944      -3.190101
   1.85997      -3.172468
   1.88050      -3.143486
   1.90103      -3.112462
   1.92156      -3.081708
   1.94209      -3.051529
   1.96261      -3.021526
   1.98314      -2.991056
   2.00367      -2.959500
   2.02420      -2.926417
   2.04473      -2.891627
   2.06526      -2.855235
   2.08578      -2.817599
   2.10631      -2.779289
   2.12684      -2.741012
   2.14737      -2.708335
   2.16790      -2.668728
   2.18843      -2.634314
   2.20895      -2.603936
   2.22948      -2.577013
   2.25001      -2.553488
   2.27054      -2.532356
   2.29107      -2.511634
   2.31160      -2.497961
   2.33921      -2.485308
   2.36682      -2.469221
   2.39443      -2.514396
   2.42204      -2.570955
   2.44965      -2.631995
   2.47726      -2.688298
   2.50488      -2.728886
   2.53249      -2.744009
   2.56010      -2.730040
   2.58771      -2.690684
   2.61532      -2.633007
   2.64293      -2.563756
   2.67054      -2.488247
   2.69815      -2.410523
   2.72576      -2.333656
   2.75338      -2.259916
   2.78099      -2.190838
   2.80860      -2.127273
   2.83621      -2.069523
   2.86382      -2.017586
   2.89143      -1.990048
   2.91904      -1.966722
   2.94665      -1.942750
   2.97427      -1.919737
   3.00188      -1.899155
   3.02949      -1.882027
   3.05710      -1.868694
   3.08471      -1.858828
   3.11232      -1.851773
 &
  
   0.00000      -2.430242
   0.01933      -2.434927
   0.03865      -2.448723
   0.05798      -2.470881
   0.07731      -2.500263
   0.09663      -2.535457
   0.11596      -2.574898
   0.13529      -2.616957
   0.15461      -2.659989
   0.17394      -2.702351
   0.19327      -2.742403
   0.21259      -2.778486
   0.23192      -2.808943
   0.25125      -2.832159
   0.27057      -2.846714
   0.28990      -2.851609
   0.30923      -2.846517
   0.32855      -2.826311
   0.34788      -2.774813
   0.36721      -2.719601
   0.38653      -2.663376
   0.40586      -2.608251
   0.42519      -2.555929
   0.44451      -2.507810
   0.46384      -2.465072
   0.48317      -2.428708
   0.50249      -2.399542
   0.52182      -2.378225
   0.54115      -2.365239
   0.56047      -2.360878
   0.58100      -2.362080
   0.60153      -2.365648
   0.62206      -2.371453
   0.64259      -2.379230
   0.66312      -2.388476
   0.68364      -2.398206
   0.70417      -2.406359
   0.72470      -2.408244
   0.74523      -2.393064
   0.76576      -2.343504
   0.78629      -2.256546
   0.80682      -2.152219
   0.82734      -2.049750
   0.84787      -1.961520
   0.86840      -1.895060
   0.88893      -1.852576
   0.90946      -1.831161
   0.92999      -1.825431
   0.95051      -1.830143
   0.97104      -1.841191
   0.99157      -1.855521
   1.01210      -1.870753
   1.03263      -1.877311
   1.05316      -1.845365
   1.07368      -1.823628
   1.09421      -1.813921
   1.11474      -1.816898
   1.13527      -1.830939
   1.15580      -1.851753
   1.17513      -1.835588
   1.19445      -1.819757
   1.21378      -1.804198
   1.23311      -1.789106
   1.25243      -1.774936
   1.27176      -1.762387
   1.29109      -1.752385
   1.31041      -1.746027
   1.32974      -1.744467
   1.34907      -1.748759
   1.36839      -1.759693
   1.38772      -1.777743
   1.40705      -1.803158
   1.42637      -1.836127
   1.44570      -1.876887
   1.46503      -1.925635
   1.48435      -1.982313
   1.50368      -2.046382
   1.52301      -2.116737
   1.54233      -2.191818
   1.56166      -2.269804
   1.58099      -2.348825
   1.60031      -2.427088
   1.61964      -2.502934
   1.63897      -2.574858
   1.65829      -2.641505
   1.67762      -2.701648
   1.69695      -2.754182
   1.71627      -2.798096
   1.73680      -2.722202
   1.75733      -2.648455
   1.77786      -2.577077
   1.79839      -2.508372
   1.81891      -2.442851
   1.83944      -2.381337
   1.85997      -2.325155
   1.88050      -2.276400
   1.90103      -2.238316
   1.92156      -2.215555
   1.94209      -2.213603
   1.96261      -2.236330
   1.98314      -2.282969
   2.00367      -2.348220
   2.02420      -2.425118
   2.04473      -2.506923
   2.06526      -2.586966
   2.08578      -2.657292
   2.10631      -2.707076
   2.12684      -2.724781
   2.14737      -2.703559
   2.16790      -2.667738
   2.18843      -2.619067
   2.20895      -2.568289
   2.22948      -2.521819
   2.25001      -2.483037
   2.27054      -2.454082
   2.29107      -2.436255
   2.31160      -2.430242
   2.33921      -2.440222
   2.36682      -2.467167
   2.39443      -2.447748
   2.42204      -2.423960
   2.44965      -2.395038
   2.47726      -2.361209
   2.50488      -2.323224
   2.53249      -2.282316
   2.56010      -2.240244
   2.58771      -2.199285
   2.61532      -2.162005
   2.64293      -2.130677
   2.67054      -2.106471
   2.69815      -2.088970
   2.72576      -2.076377
   2.75338      -2.066251
   2.78099      -2.056207
   2.80860      -2.044358
   2.83621      -2.029526
   2.86382      -2.011308
   2.89143      -1.971492
   2.91904      -1.931589
   2.94665      -1.898640
   2.97427      -1.873564
   3.00188      -1.856830
   3.02949      -1.847935
   3.05710      -1.845342
   3.08471      -1.847109
   3.11232      -1.851753
 &
  
   0.00000      -2.403904
   0.01933      -2.347893
   0.03865      -2.252171
   0.05798      -2.144923
   0.07731      -2.031108
   0.09663      -1.913240
   0.11596      -1.793415
   0.13529      -1.674246
   0.15461      -1.560497
   0.17394      -1.465754
   0.19327      -1.502572
   0.21259      -1.540320
   0.23192      -1.578726
   0.25125      -1.617495
   0.27057      -1.656292
   0.28990      -1.694752
   0.30923      -1.732467
   0.32855      -1.768978
   0.34788      -1.803778
   0.36721      -1.836296
   0.38653      -1.865907
   0.40586      -1.891955
   0.42519      -1.913810
   0.44451      -1.930977
   0.46384      -1.943266
   0.48317      -1.950947
   0.50249      -1.954835
   0.52182      -1.956167
   0.54115      -1.956277
   0.56047      -1.956187
   0.58100      -1.950838
   0.60153      -1.935687
   0.62206      -1.912914
   0.64259      -1.884934
   0.66312      -1.853590
   0.68364      -1.819888
   0.70417      -1.784140
   0.72470      -1.746231
   0.74523      -1.705859
   0.76576      -1.662698
   0.78629      -1.616492
   0.80682      -1.567117
   0.82734      -1.514630
   0.84787      -1.459313
   0.86840      -1.401718
   0.88893      -1.342704
   0.90946      -1.283464
   0.92999      -1.225536
   0.95051      -1.170787
   0.97104      -1.121344
   0.99157      -1.079445
   1.01210      -1.047105
   1.03263      -1.025547
   1.05316      -1.014426
   1.07368      -1.011249
   1.09421      -1.011545
   1.11474      -1.010045
   1.13527      -1.002403
   1.15580      -0.986403
   1.17513      -0.995087
   1.19445      -1.012951
   1.21378      -1.036589
   1.23311      -1.062827
   1.25243      -1.100750
   1.27176      -1.140110
   1.29109      -1.178240
   1.31041      -1.213114
   1.32974      -1.243453
   1.34907      -1.268832
   1.36839      -1.289792
   1.38772      -1.307785
   1.40705      -1.324872
   1.42637      -1.343107
   1.44570      -1.363793
   1.46503      -1.386951
   1.48435      -1.411383
   1.50368      -1.435325
   1.52301      -1.457174
   1.54233      -1.475882
   1.56166      -1.490959
   1.58099      -1.502304
   1.60031      -1.510019
   1.61964      -1.514292
   1.63897      -1.515313
   1.65829      -1.513256
   1.67762      -1.508255
   1.69695      -1.500405
   1.71627      -1.489786
   1.73680      -1.561923
   1.75733      -1.638252
   1.77786      -1.713950
   1.79839      -1.785179
   1.81891      -1.848986
   1.83944      -1.903187
   1.85997      -1.946305
   1.88050      -1.977532
   1.90103      -1.996687
   1.92156      -2.004165
   1.94209      -2.000853
   1.96261      -1.988020
   1.98314      -1.967184
   2.00367      -1.939998
   2.02420      -1.908172
   2.04473      -1.873461
   2.06526      -1.837721
   2.08578      -1.803109
   2.10631      -1.772539
   2.12684      -1.750739
   2.14737      -1.746433
   2.16790      -1.773808
   2.18843      -1.842572
   2.20895      -1.942867
   2.22948      -2.057086
   2.25001      -2.172461
   2.27054      -2.279149
   2.29107      -2.364893
   2.31160      -2.403904
   2.33921      -2.366399
   2.36682      -2.264293
   2.39443      -2.130817
   2.42204      -1.986509
   2.44965      -1.840658
   2.47726      -1.700525
   2.50488      -1.583337
   2.53249      -1.529607
   2.56010      -1.517071
   2.58771      -1.507633
   2.61532      -1.490097
   2.64293      -1.459871
   2.67054      -1.414964
   2.69815      -1.402367
   2.72576      -1.393751
   2.75338      -1.380565
   2.78099      -1.363194
   2.80860      -1.342297
   2.83621      -1.318658
   2.86382      -1.292932
   2.89143      -1.265367
   2.91904      -1.235662
   2.94665      -1.203100
   2.97427      -1.167074
   3.00188      -1.127844
   3.02949      -1.087126
   3.05710      -1.047952
   3.08471      -1.013655
   3.11232      -0.986403
 &
  
   0.00000      -1.404128
   0.01933      -1.403049
   0.03865      -1.399797
   0.05798      -1.394314
   0.07731      -1.386476
   0.09663      -1.376014
   0.11596      -1.363368
   0.13529      -1.395898
   0.15461      -1.430116
   0.17394      -1.462692
   0.19327      -1.395031
   0.21259      -1.353961
   0.23192      -1.325049
   0.25125      -1.300766
   0.27057      -1.278394
   0.28990      -1.256977
   0.30923      -1.236218
   0.32855      -1.253595
   0.34788      -1.292288
   0.36721      -1.329414
   0.38653      -1.364407
   0.40586      -1.396754
   0.42519      -1.425996
   0.44451      -1.451743
   0.46384      -1.473687
   0.48317      -1.491624
   0.50249      -1.505462
   0.52182      -1.515223
   0.54115      -1.521004
   0.56047      -1.522917
   0.58100      -1.517090
   0.60153      -1.499702
   0.62206      -1.471109
   0.64259      -1.432053
   0.66312      -1.383741
   0.68364      -1.327756
   0.70417      -1.265863
   0.72470      -1.199777
   0.74523      -1.197539
   0.76576      -1.211852
   0.78629      -1.221186
   0.80682      -1.222259
   0.82734      -1.210696
   0.84787      -1.181547
   0.86840      -1.131291
   0.88893      -1.060667
   0.90946      -0.975605
   0.92999      -0.885609
   0.95051      -0.803006
   0.97104      -0.744715
   0.99157      -0.726105
   1.01210      -0.741307
   1.03263      -0.773553
   1.05316      -0.812625
   1.07368      -0.853594
   1.09421      -0.893587
   1.11474      -0.930388
   1.13527      -0.961953
   1.15580      -0.986386
   1.17513      -0.989202
   1.19445      -1.004032
   1.21378      -1.029493
   1.23311      -1.062392
   1.25243      -1.087201
   1.27176      -1.108691
   1.29109      -1.125515
   1.31041      -1.137279
   1.32974      -1.144380
   1.34907      -1.147806
   1.36839      -1.148948
   1.38772      -1.149455
   1.40705      -1.151117
   1.42637      -1.155710
   1.44570      -1.164767
   1.46503      -1.179241
   1.48435      -1.199231
   1.50368      -1.223957
   1.52301      -1.252050
   1.54233      -1.281965
   1.56166      -1.312302
   1.58099      -1.341961
   1.60031      -1.370152
   1.61964      -1.396349
   1.63897      -1.420225
   1.65829      -1.441588
   1.67762      -1.460335
   1.69695      -1.476409
   1.71627      -1.489763
   1.73680      -1.427531
   1.75733      -1.381208
   1.77786      -1.355568
   1.79839      -1.352195
   1.81891      -1.369004
   1.83944      -1.401677
   1.85997      -1.445344
   1.88050      -1.495154
   1.90103      -1.545932
   1.92156      -1.591637
   1.94209      -1.625677
   1.96261      -1.643154
   1.98314      -1.643725
   2.00367      -1.631363
   2.02420      -1.611279
   2.04473      -1.587678
   2.06526      -1.563222
   2.08578      -1.539237
   2.10631      -1.516025
   2.12684      -1.493155
   2.14737      -1.469741
   2.16790      -1.444688
   2.18843      -1.419645
   2.20895      -1.431111
   2.22948      -1.427758
   2.25001      -1.419621
   2.27054      -1.411607
   2.29107      -1.406078
   2.31160      -1.404128
   2.33921      -1.405946
   2.36682      -1.411225
   2.39443      -1.419421
   2.42204      -1.429509
   2.44965      -1.439594
   2.47726      -1.445228
   2.50488      -1.430048
   2.53249      -1.366273
   2.56010      -1.380872
   2.58771      -1.392626
   2.61532      -1.401080
   2.64293      -1.405785
   2.67054      -1.406324
   2.69815      -1.355663
   2.72576      -1.284224
   2.75338      -1.204354
   2.78099      -1.120952
   2.80860      -1.040393
   2.83621      -0.970968
   2.86382      -0.921565
   2.89143      -0.896416
   2.91904      -0.891443
   2.94665      -0.898571
   2.97427      -0.910988
   3.00188      -0.924573
   3.02949      -0.937690
   3.05710      -0.950835
   3.08471      -0.966136
   3.11232      -0.986386
 &
  
   0.00000      -1.243081
   0.01933      -1.247705
   0.03865      -1.260774
   0.05798      -1.280469
   0.07731      -1.304955
   0.09663      -1.332876
   0.11596      -1.362334
   0.13529      -1.344027
   0.15461      -1.317414
   0.17394      -1.273043
   0.19327      -1.197835
   0.21259      -1.096566
   0.23192      -1.059969
   0.25125      -1.096224
   0.27057      -1.134518
   0.28990      -1.174018
   0.30923      -1.213951
   0.32855      -1.216111
   0.34788      -1.196794
   0.36721      -1.178475
   0.38653      -1.161388
   0.40586      -1.145769
   0.42519      -1.131821
   0.44451      -1.119702
   0.46384      -1.109507
   0.48317      -1.101266
   0.50249      -1.094958
   0.52182      -1.090526
   0.54115      -1.087900
   0.56047      -1.087032
   0.58100      -1.088826
   0.60153      -1.094147
   0.62206      -1.102811
   0.64259      -1.114510
   0.66312      -1.128805
   0.68364      -1.145117
   0.70417      -1.162698
   0.72470      -1.180590
   0.74523      -1.131022
   0.76576      -1.060861
   0.78629      -0.990298
   0.80682      -0.920124
   0.82734      -0.850979
   0.84787      -0.783422
   0.86840      -0.718007
   0.88893      -0.655351
   0.90946      -0.596177
   0.92999      -0.541314
   0.95051      -0.491626
   0.97104      -0.465236
   0.99157      -0.440050
   1.01210      -0.392411
   1.03263      -0.350899
   1.05316      -0.326461
   1.07368      -0.303638
   1.09421      -0.281941
   1.11474      -0.261851
   1.13527      -0.244594
   1.15580      -0.231824
   1.17513      -0.243257
   1.19445      -0.253220
   1.21378      -0.263324
   1.23311      -0.276341
   1.25243      -0.295172
   1.27176      -0.322008
   1.29109      -0.357873
   1.31041      -0.402532
   1.32974      -0.454609
   1.34907      -0.511818
   1.36839      -0.571175
   1.38772      -0.629231
   1.40705      -0.682345
   1.42637      -0.727136
   1.44570      -0.761128
   1.46503      -0.783319
   1.48435      -0.794308
   1.50368      -0.795830
   1.52301      -0.790075
   1.54233      -0.779168
   1.56166      -0.764929
   1.58099      -0.748832
   1.60031      -0.732033
   1.61964      -0.715441
   1.63897      -0.699759
   1.65829      -0.685533
   1.67762      -0.673168
   1.69695      -0.662955
   1.71627      -0.655085
   1.73680      -0.676885
   1.75733      -0.689437
   1.77786      -0.691670
   1.79839      -0.685644
   1.81891      -0.676493
   1.83944      -0.670204
   1.85997      -0.671171
   1.88050      -0.681114
   1.90103      -0.699357
   1.92156      -0.723714
   1.94209      -0.751429
   1.96261      -0.779828
   1.98314      -0.806643
   2.00367      -0.830145
   2.02420      -0.849159
   2.04473      -0.863062
   2.06526      -0.871790
   2.08578      -0.941133
   2.10631      -1.064878
   2.12684      -1.186748
   2.14737      -1.296190
   2.16790      -1.377500
   2.18843      -1.416972
   2.20895      -1.385932
   2.22948      -1.351642
   2.25001      -1.315434
   2.27054      -1.280667
   2.29107      -1.253670
   2.31160      -1.243081
   2.33921      -1.246645
   2.36682      -1.256802
   2.39443      -1.272112
   2.42204      -1.290670
   2.44965      -1.310626
   2.47726      -1.330516
   2.50488      -1.349306
   2.53249      -1.353335
   2.56010      -1.236462
   2.58771      -1.116209
   2.61532      -1.002441
   2.64293      -0.899104
   2.67054      -0.808973
   2.69815      -0.734235
   2.72576      -0.676066
   2.75338      -0.633928
   2.78099      -0.604891
   2.80860      -0.583240
   2.83621      -0.560542
   2.86382      -0.527619
   2.89143      -0.480255
   2.91904      -0.423070
   2.94665      -0.365132
   2.97427      -0.314399
   3.00188      -0.275810
   3.02949      -0.251009
   3.05710      -0.238400
   3.08471      -0.233793
   3.11232      -0.231824
 &
  
   0.00000      -0.968704
   0.01933      -0.965746
   0.03865      -0.958004
   0.05798      -0.948188
   0.07731      -0.939351
   0.09663      -0.934058
   0.11596      -0.934096
   0.13529      -0.940428
   0.15461      -0.953303
   0.17394      -0.972426
   0.19327      -0.997151
   0.21259      -1.026638
   0.23192      -0.985024
   0.25125      -0.872219
   0.27057      -0.762448
   0.28990      -0.658260
   0.30923      -0.561405
   0.32855      -0.473044
   0.34788      -0.393745
   0.36721      -0.323486
   0.38653      -0.261760
   0.40586      -0.207771
   0.42519      -0.160670
   0.44451      -0.119758
   0.46384      -0.084615
   0.48317      -0.055145
   0.50249      -0.031549
   0.52182      -0.014216
   0.54115      -0.003585
   0.56047       0.000000
   0.58100      -0.001697
   0.60153      -0.006761
   0.62206      -0.015111
   0.64259      -0.026625
   0.66312      -0.041159
   0.68364      -0.058558
   0.70417      -0.078679
   0.72470      -0.101394
   0.74523      -0.126592
   0.76576      -0.154174
   0.78629      -0.184046
   0.80682      -0.216095
   0.82734      -0.250168
   0.84787      -0.286028
   0.86840      -0.323287
   0.88893      -0.361280
   0.90946      -0.398776
   0.92999      -0.433275
   0.95051      -0.459232
   0.97104      -0.447827
   0.99157      -0.410189
   1.01210      -0.378278
   1.03263      -0.340736
   1.05316      -0.295644
   1.07368      -0.261264
   1.09421      -0.238582
   1.11474      -0.227055
   1.13527      -0.225365
   1.15580      -0.231822
   1.17513      -0.219149
   1.19445      -0.207208
   1.21378      -0.198923
   1.23311      -0.197188
   1.25243      -0.204154
   1.27176      -0.220882
   1.29109      -0.247325
   1.31041      -0.282508
   1.32974      -0.324780
   1.34907      -0.372055
   1.36839      -0.421990
   1.38772      -0.472104
   1.40705      -0.519882
   1.42637      -0.562919
   1.44570      -0.599172
   1.46503      -0.627295
   1.48435      -0.646932
   1.50368      -0.658750
   1.52301      -0.664148
   1.54233      -0.664825
   1.56166      -0.662435
   1.58099      -0.658415
   1.60031      -0.653928
   1.61964      -0.649887
   1.63897      -0.646990
   1.65829      -0.645756
   1.67762      -0.646551
   1.69695      -0.649618
   1.71627      -0.655071
   1.73680      -0.626620
   1.75733      -0.594240
   1.77786      -0.560248
   1.79839      -0.526493
   1.81891      -0.494513
   1.83944      -0.465680
   1.85997      -0.441342
   1.88050      -0.422929
   1.90103      -0.412048
   1.92156      -0.410564
   1.94209      -0.420636
   1.96261      -0.444643
   1.98314      -0.484903
   2.00367      -0.543155
   2.02420      -0.619901
   2.04473      -0.713945
   2.06526      -0.822410
   2.08578      -0.875837
   2.10631      -0.876233
   2.12684      -0.874456
   2.14737      -0.872319
   2.16790      -0.871796
   2.18843      -0.874834
   2.20895      -0.883081
   2.22948      -0.897460
   2.25001      -0.917528
   2.27054      -0.940543
   2.29107      -0.960467
   2.31160      -0.968704
   2.33921      -0.967840
   2.36682      -0.964802
   2.39443      -0.958619
   2.42204      -0.948445
   2.44965      -0.933852
   2.47726      -0.914760
   2.50488      -0.891266
   2.53249      -0.863529
   2.56010      -0.831721
   2.58771      -0.796002
   2.61532      -0.756527
   2.64293      -0.713460
   2.67054      -0.666987
   2.69815      -0.617367
   2.72576      -0.564987
   2.75338      -0.510456
   2.78099      -0.454710
   2.80860      -0.399152
   2.83621      -0.345741
   2.86382      -0.297000
   2.89143      -0.255787
   2.91904      -0.224804
   2.94665      -0.205798
   2.97427      -0.198774
   3.00188      -0.201588
   3.02949      -0.210321
   3.05710      -0.220364
   3.08471      -0.227974
   3.11232      -0.231822
 &
  
   0.00000       0.125555
   0.01933       0.129555
   0.03865       0.141706
   0.05798       0.162403
   0.07731       0.192121
   0.09663       0.231199
   0.11596       0.279631
   0.13529       0.336927
   0.15461       0.402091
   0.17394       0.473665
   0.19327       0.505957
   0.21259       0.527546
   0.23192       0.553726
   0.25125       0.585358
   0.27057       0.623331
   0.28990       0.668447
   0.30923       0.721242
   0.32855       0.781752
   0.34788       0.849301
   0.36721       0.922372
   0.38653       0.938829
   0.40586       0.890269
   0.42519       0.831569
   0.44451       0.767988
   0.46384       0.704538
   0.48317       0.645738
   0.50249       0.595511
   0.52182       0.557117
   0.54115       0.533034
   0.56047       0.524827
   0.58100       0.529836
   0.60153       0.544869
   0.62206       0.569933
   0.64259       0.605028
   0.66312       0.650124
   0.68364       0.705137
   0.70417       0.769898
   0.72470       0.844115
   0.74523       0.927349
   0.76576       1.018971
   0.78629       1.118125
   0.80682       1.223680
   0.82734       1.334141
   0.84787       1.342405
   0.86840       1.333220
   0.88893       1.327627
   0.90946       1.327018
   0.92999       1.332829
   0.95051       1.346492
   0.97104       1.369354
   0.99157       1.402503
   1.01210       1.446535
   1.03263       1.501270
   1.05316       1.565501
   1.07368       1.636809
   1.09421       1.711382
   1.11474       1.783687
   1.13527       1.845514
   1.15580       1.884502
   1.17513       1.869435
   1.19445       1.865158
   1.21378       1.872907
   1.23311       1.892561
   1.25243       1.922209
   1.27176       1.908435
   1.29109       1.891679
   1.31041       1.879286
   1.32974       1.870705
   1.34907       1.864828
   1.36839       1.860528
   1.38772       1.856839
   1.40705       1.853109
   1.42637       1.848941
   1.44570       1.844180
   1.46503       1.838850
   1.48435       1.833086
   1.50368       1.827092
   1.52301       1.821100
   1.54233       1.815343
   1.56166       1.810048
   1.58099       1.805409
   1.60031       1.801598
   1.61964       1.798747
   1.63897       1.796954
   1.65829       1.796287
   1.67762       1.796783
   1.69695       1.798448
   1.71627       1.801261
   1.73680       1.708265
   1.75733       1.620210
   1.77786       1.544792
   1.79839       1.487614
   1.81891       1.452635
   1.83944       1.441859
   1.85997       1.454719
   1.88050       1.487578
   1.90103       1.433356
   1.92156       1.291874
   1.94209       1.152402
   1.96261       1.020333
   1.98314       0.900158
   2.00367       0.795266
   2.02420       0.707523
   2.04473       0.636996
   2.06526       0.582165
   2.08578       0.540557
   2.10631       0.509457
   2.12684       0.486398
   2.14737       0.469356
   2.16790       0.456773
   2.18843       0.447496
   2.20895       0.362380
   2.22948       0.279265
   2.25001       0.212796
   2.27054       0.164518
   2.29107       0.135316
   2.31160       0.125555
   2.33921       0.140840
   2.36682       0.185196
   2.39443       0.254740
   2.42204       0.344512
   2.44965       0.449146
   2.47726       0.456125
   2.50488       0.463117
   2.53249       0.470032
   2.56010       0.477140
   2.58771       0.485229
   2.61532       0.495721
   2.64293       0.510729
   2.67054       0.532959
   2.69815       0.565362
   2.72576       0.610523
   2.75338       0.669974
   2.78099       0.743775
   2.80860       0.830616
   2.83621       0.928296
   2.86382       1.034259
   2.89143       1.145959
   2.91904       1.261017
   2.94665       1.377229
   2.97427       1.492421
   3.00188       1.604039
   3.02949       1.708200
   3.05710       1.797833
   3.08471       1.860787
   3.11232       1.884506
 &
  
   0.00000       0.428168
   0.01933       0.428782
   0.03865       0.430639
   0.05798       0.433788
   0.07731       0.438315
   0.09663       0.444350
   0.11596       0.452072
   0.13529       0.461725
   0.15461       0.473630
   0.17394       0.488200
   0.19327       0.549802
   0.21259       0.628310
   0.23192       0.706656
   0.25125       0.781919
   0.27057       0.850746
   0.28990       0.909370
   0.30923       0.953824
   0.32855       0.980461
   0.34788       0.986780
   0.36721       0.972282
   0.38653       0.998614
   0.40586       1.075000
   0.42519       1.148152
   0.44451       1.214785
   0.46384       1.272244
   0.48317       1.318925
   0.50249       1.354358
   0.52182       1.378899
   0.54115       1.393233
   0.56047       1.397938
   0.58100       1.398584
   0.60153       1.400397
   0.62206       1.403002
   0.64259       1.405819
   0.66312       1.408118
   0.68364       1.409121
   0.70417       1.408113
   0.72470       1.404573
   0.74523       1.398287
   0.76576       1.389409
   0.78629       1.378458
   0.80682       1.366256
   0.82734       1.353842
   0.84787       1.447498
   0.86840       1.560912
   0.88893       1.669971
   0.90946       1.766745
   0.92999       1.834956
   0.95051       1.850264
   0.97104       1.818183
   0.99157       1.775196
   1.01210       1.743583
   1.03263       1.731614
   1.05316       1.741063
   1.07368       1.769771
   1.09421       1.811956
   1.11474       1.857089
   1.13527       1.887627
   1.15580       1.884511
   1.17513       1.907680
   1.19445       1.933477
   1.21378       1.950352
   1.23311       1.946421
   1.25243       1.928365
   1.27176       1.957539
   1.29109       1.991811
   1.31041       2.017442
   1.32974       2.029900
   1.34907       2.029836
   1.36839       2.020660
   1.38772       2.006087
   1.40705       1.988774
   1.42637       1.970399
   1.44570       1.952019
   1.46503       1.934239
   1.48435       1.917415
   1.50368       1.901716
   1.52301       1.887203
   1.54233       1.873874
   1.56166       1.861686
   1.58099       1.850589
   1.60031       1.840532
   1.61964       1.831476
   1.63897       1.823405
   1.65829       1.816322
   1.67762       1.810247
   1.69695       1.805216
   1.71627       1.801279
   1.73680       1.887574
   1.75733       1.948979
   1.77786       1.967132
   1.79839       1.942312
   1.81891       1.885611
   1.83944       1.802600
   1.85997       1.695932
   1.88050       1.570473
   1.90103       1.533454
   1.92156       1.581857
   1.94209       1.618952
   1.96261       1.629661
   1.98314       1.603467
   2.00367       1.539921
   2.02420       1.446792
   2.04473       1.333828
   2.06526       1.209089
   2.08578       1.078431
   2.10631       0.946101
   2.12684       0.815392
   2.14737       0.689090
   2.16790       0.569786
   2.18843       0.460034
   2.20895       0.440684
   2.22948       0.435741
   2.25001       0.432248
   2.27054       0.429928
   2.29107       0.428600
   2.31160       0.428168
   2.33921       0.429174
   2.36682       0.432098
   2.39443       0.436676
   2.42204       0.442514
   2.44965       0.449638
   2.47726       0.565923
   2.50488       0.690012
   2.53249       0.819326
   2.56010       0.951906
   2.58771       1.086261
   2.61532       1.221225
   2.64293       1.355794
   2.67054       1.488955
   2.69815       1.619415
   2.72576       1.745072
   2.75338       1.861611
   2.78099       1.957613
   2.80860       1.999921
   2.83621       1.959423
   2.86382       1.884741
   2.89143       1.815125
   2.91904       1.764034
   2.94665       1.736628
   2.97427       1.733973
   3.00188       1.753646
   3.02949       1.789761
   3.05710       1.832997
   3.08471       1.870172
   3.11232       1.884548
 &
  
   0.00000       1.950045
   0.01933       1.949076
   0.03865       1.946190
   0.05798       1.941458
   0.07731       1.935000
   0.09663       1.926997
   0.11596       1.917688
   0.13529       1.907365
   0.15461       1.896367
   0.17394       1.885069
   0.19327       1.873867
   0.21259       1.863173
   0.23192       1.853400
   0.25125       1.844960
   0.27057       1.838269
   0.28990       1.833744
   0.30923       1.831819
   0.32855       1.832965
   0.34788       1.837708
   0.36721       1.846656
   0.38653       1.860500
   0.40586       1.879973
   0.42519       1.905712
   0.44451       1.937983
   0.46384       1.976334
   0.48317       2.019384
   0.50249       2.064975
   0.52182       2.110609
   0.54115       2.152910
   0.56047       2.176866
   0.58100       2.171543
   0.60153       2.159054
   0.62206       2.144127
   0.64259       2.129384
   0.66312       2.116369
   0.68364       2.106238
   0.70417       2.099935
   0.72470       2.098182
   0.74523       2.101417
   0.76576       2.109759
   0.78629       2.123019
   0.80682       2.140763
   0.82734       2.162397
   0.84787       2.187240
   0.86840       2.214552
   0.88893       2.243533
   0.90946       2.273245
   0.92999       2.199366
   0.95051       2.174523
   0.97104       2.197741
   0.99157       2.232487
   1.01210       2.257914
   1.03263       2.268894
   1.05316       2.266769
   1.07368       2.254821
   1.09421       2.236730
   1.11474       2.218458
   1.13527       2.210713
   1.15580       2.225168
   1.17513       2.176728
   1.19445       2.136934
   1.21378       2.119261
   1.23311       2.136338
   1.25243       2.181205
   1.27176       2.240465
   1.29109       2.304446
   1.31041       2.367882
   1.32974       2.424205
   1.34907       2.467692
   1.36839       2.495744
   1.38772       2.509635
   1.40705       2.512163
   1.42637       2.493181
   1.44570       2.467657
   1.46503       2.442672
   1.48435       2.418975
   1.50368       2.397036
   1.52301       2.377168
   1.54233       2.359583
   1.56166       2.344424
   1.58099       2.331771
   1.60031       2.321656
   1.61964       2.314059
   1.63897       2.308923
   1.65829       2.306160
   1.67762       2.305657
   1.69695       2.307286
   1.71627       2.310907
   1.73680       2.281999
   1.75733       2.270476
   1.77786       2.279844
   1.79839       2.290507
   1.81891       2.277597
   1.83944       2.240621
   1.85997       2.194859
   1.88050       2.152044
   1.90103       2.116246
   1.92156       2.087560
   1.94209       2.064963
   1.96261       2.047347
   1.98314       2.033746
   2.00367       2.023323
   2.02420       2.015329
   2.04473       2.009081
   2.06526       2.003962
   2.08578       1.999425
   2.10631       1.995013
   2.12684       1.990389
   2.14737       1.985351
   2.16790       1.979857
   2.18843       1.974016
   2.20895       1.968076
   2.22948       1.962390
   2.25001       1.957372
   2.27054       1.953431
   2.29107       1.950912
   2.31160       1.950045
   2.33921       1.949389
   2.36682       1.947487
   2.39443       1.944539
   2.42204       1.940892
   2.44965       1.937056
   2.47726       1.933703
   2.50488       1.931667
   2.53249       1.931917
   2.56010       1.935490
   2.58771       1.943436
   2.61532       1.956727
   2.64293       1.976182
   2.67054       2.002420
   2.69815       2.035818
   2.72576       2.076518
   2.75338       2.124413
   2.78099       2.179158
   2.80860       2.240123
   2.83621       2.290712
   2.86382       2.325038
   2.89143       2.339668
   2.91904       2.334765
   2.94665       2.321763
   2.97427       2.307987
   3.00188       2.263388
   3.02949       2.227156
   3.05710       2.208165
   3.08471       2.207621
   3.11232       2.225175
 &
  
   0.00000       2.588428
   0.01933       2.592542
   0.03865       2.604828
   0.05798       2.625121
   0.07731       2.653126
   0.09663       2.688409
   0.11596       2.730366
   0.13529       2.778200
   0.15461       2.830876
   0.17394       2.887055
   0.19327       2.944992
   0.21259       3.002352
   0.23192       3.056067
   0.25125       3.101969
   0.27057       3.036523
   0.28990       2.964850
   0.30923       2.903105
   0.32855       2.858195
   0.34788       2.834781
   0.36721       2.834806
   0.38653       2.857362
   0.40586       2.795374
   0.42519       2.703525
   0.44451       2.614326
   0.46384       2.530395
   0.48317       2.453595
   0.50249       2.385065
   0.52182       2.325339
   0.54115       2.275658
   0.56047       2.249436
   0.58100       2.255182
   0.60153       2.269082
   0.62206       2.286818
   0.64259       2.306419
   0.66312       2.327165
   0.68364       2.348814
   0.70417       2.371297
   0.72470       2.394595
   0.74523       2.418670
   0.76576       2.443422
   0.78629       2.468657
   0.80682       2.494036
   0.82734       2.519044
   0.84787       2.542996
   0.86840       2.503012
   0.88893       2.385370
   0.90946       2.278004
   0.92999       2.302498
   0.95051       2.329650
   0.97104       2.352493
   0.99157       2.368460
   1.01210       2.375567
   1.03263       2.373548
   1.05316       2.363508
   1.07368       2.346939
   1.09421       2.323877
   1.11474       2.293904
   1.13527       2.258338
   1.15580       2.225304
   1.17513       2.274812
   1.19445       2.319869
   1.21378       2.354821
   1.23311       2.379421
   1.25243       2.394596
   1.27176       2.408323
   1.29109       2.428167
   1.31041       2.461782
   1.32974       2.505644
   1.34907       2.541756
   1.36839       2.550971
   1.38772       2.539191
   1.40705       2.517916
   1.42637       2.506497
   1.44570       2.495585
   1.46503       2.481221
   1.48435       2.465043
   1.50368       2.447991
   1.52301       2.430764
   1.54233       2.413842
   1.56166       2.397566
   1.58099       2.382175
   1.60031       2.367849
   1.61964       2.354724
   1.63897       2.342915
   1.65829       2.332524
   1.67762       2.323654
   1.69695       2.316412
   1.71627       2.310922
   1.73680       2.348948
   1.75733       2.391403
   1.77786       2.435885
   1.79839       2.480907
   1.81891       2.525223
   1.83944       2.567476
   1.85997       2.605867
   1.88050       2.637737
   1.90103       2.659270
   1.92156       2.667081
   1.94209       2.664877
   1.96261       2.668048
   1.98314       2.692012
   2.00367       2.738140
   2.02420       2.794691
   2.04473       2.847803
   2.06526       2.890639
   2.08578       2.923334
   2.10631       2.948492
   2.12684       2.968441
   2.14737       2.917737
   2.16790       2.843913
   2.18843       2.778202
   2.20895       2.721396
   2.22948       2.674131
   2.25001       2.636897
   2.27054       2.610048
   2.29107       2.593845
   2.31160       2.588429
   2.33921       2.596314
   2.36682       2.619871
   2.39443       2.658780
   2.42204       2.712454
   2.44965       2.779945
   2.47726       2.859809
   2.50488       2.949891
   2.53249       3.047004
   2.56010       3.086996
   2.58771       3.063539
   2.61532       3.017511
   2.64293       2.943071
   2.67054       2.840490
   2.69815       2.717168
   2.72576       2.584552
   2.75338       2.454071
   2.78099       2.340067
   2.80860       2.277178
   2.83621       2.306228
   2.86382       2.375286
   2.89143       2.439892
   2.91904       2.451656
   2.94665       2.384898
   2.97427       2.316782
   3.00188       2.295972
   3.02949       2.284613
   3.05710       2.270966
   3.08471       2.250488
   3.11232       2.225436
 &
  
   0.00000       3.044334
   0.01933       3.047490
   0.03865       3.056822
   0.05798       3.071999
   0.07731       3.092400
   0.09663       3.117113
   0.11596       3.144806
   0.13529       3.173511
   0.15461       3.200266
   0.17394       3.220382
   0.19327       3.227129
   0.21259       3.211674
   0.23192       3.171084
   0.25125       3.108984
   0.27057       3.134917
   0.28990       3.149014
   0.30923       3.139371
   0.32855       3.104504
   0.34788       3.046917
   0.36721       2.972154
   0.38653       2.886410
   0.40586       2.899311
   0.42519       2.956025
   0.44451       3.022254
   0.46384       3.092709
   0.48317       3.161968
   0.50249       3.224404
   0.52182       3.274558
   0.54115       3.307225
   0.56047       3.318513
   0.58100       3.315013
   0.60153       3.304366
   0.62206       3.286877
   0.64259       3.262619
   0.66312       3.231788
   0.68364       3.194725
   0.70417       3.151294
   0.72470       3.101699
   0.74523       3.045718
   0.76576       2.981578
   0.78629       2.908752
   0.80682       2.824817
   0.82734       2.728492
   0.84787       2.619832
   0.86840       2.565019
   0.88893       2.584220
   0.90946       2.599719
   0.92999       2.611566
   0.95051       2.620618
   0.97104       2.629383
   0.99157       2.641510
   1.01210       2.660225
   1.03263       2.686839
   1.05316       2.720206
   1.07368       2.749141
   1.09421       2.719220
   1.11474       2.695535
   1.13527       2.694119
   1.15580       2.693083
   1.17513       2.690397
   1.19445       2.689864
   1.21378       2.696355
   1.23311       2.715908
   1.25243       2.736214
   1.27176       2.750790
   1.29109       2.760636
   1.31041       2.750183
   1.32974       2.751584
   1.34907       2.778937
   1.36839       2.842473
   1.38772       2.943277
   1.40705       2.992697
   1.42637       3.017954
   1.44570       3.052765
   1.46503       3.080516
   1.48435       3.115578
   1.50368       3.152075
   1.52301       3.188809
   1.54233       3.225073
   1.56166       3.259291
   1.58099       3.291426
   1.60031       3.320565
   1.61964       3.345990
   1.63897       3.367367
   1.65829       3.384423
   1.67762       3.396547
   1.69695       3.404158
   1.71627       3.406997
   1.73680       3.317414
   1.75733       3.223504
   1.77786       3.145183
   1.79839       3.105347
   1.81891       3.119871
   1.83944       3.184280
   1.85997       3.263975
   1.88050       3.173994
   1.90103       3.094573
   1.92156       3.038626
   1.94209       3.014412
   1.96261       3.019440
   1.98314       3.046626
   2.00367       3.093186
   2.02420       3.161596
   2.04473       3.253924
   2.06526       3.270978
   2.08578       3.176952
   2.10631       3.085644
   2.12684       2.998716
   2.14737       2.984749
   2.16790       2.998460
   2.18843       3.010172
   2.20895       3.020142
   2.22948       3.028528
   2.25001       3.035280
   2.27054       3.040239
   2.29107       3.043310
   2.31160       3.044332
   2.33921       3.045942
   2.36682       3.050614
   2.39443       3.057949
   2.42204       3.067229
   2.44965       3.077410
   2.47726       3.086965
   2.50488       3.093886
   2.53249       3.095257
   2.56010       3.146410
   2.58771       3.240838
   2.61532       3.320683
   2.64293       3.275242
   2.67054       3.167727
   2.69815       3.067247
   2.72576       2.973641
   2.75338       2.885856
   2.78099       2.807983
   2.80860       2.744676
   2.83621       2.703470
   2.86382       2.692363
   2.89143       2.616593
   2.91904       2.578386
   2.94665       2.632218
   2.97427       2.700849
   3.00188       2.765199
   3.02949       2.748404
   3.05710       2.708785
   3.08471       2.689963
   3.11232       2.694033
 &
  
   0.00000       3.634424
   0.01933       3.635126
   0.03865       3.637046
   0.05798       3.640361
   0.07731       3.644893
   0.09663       3.650363
   0.11596       3.657169
   0.13529       3.664867
   0.15461       3.673352
   0.17394       3.682706
   0.19327       3.692429
   0.21259       3.702957
   0.23192       3.715079
   0.25125       3.724726
   0.27057       3.738980
   0.28990       3.778409
   0.30923       3.767458
   0.32855       3.771187
   0.34788       3.780794
   0.36721       3.785858
   0.38653       3.790567
   0.40586       3.795459
   0.42519       3.801127
   0.44451       3.808419
   0.46384       3.818376
   0.48317       3.830864
   0.50249       3.845019
   0.52182       3.859190
   0.54115       3.870139
   0.56047       3.874151
   0.58100       3.871262
   0.60153       3.858768
   0.62206       3.841121
   0.64259       3.818236
   0.66312       3.792167
   0.68364       3.764181
   0.70417       3.734598
   0.72470       3.705836
   0.74523       3.679225
   0.76576       3.650310
   0.78629       3.619667
   0.80682       3.473866
   0.82734       3.304312
   0.84787       3.191440
   0.86840       3.094923
   0.88893       3.025833
   0.90946       2.957706
   0.92999       2.910678
   0.95051       2.871682
   0.97104       2.843666
   0.99157       2.825403
   1.01210       2.811257
   1.03263       2.796732
   1.05316       2.774471
   1.07368       2.756649
   1.09421       2.785238
   1.11474       2.774459
   1.13527       2.736650
   1.15580       2.695208
   1.17513       2.706920
   1.19445       2.715363
   1.21378       2.724510
   1.23311       2.742955
   1.25243       2.753801
   1.27176       2.784201
   1.29109       2.813924
   1.31041       2.835455
   1.32974       2.898439
   1.34907       2.940031
   1.36839       2.964472
   1.38772       2.980429
   1.40705       3.070390
   1.42637       3.104937
   1.44570       3.158256
   1.46503       3.199272
   1.48435       3.199647
   1.50368       3.227798
   1.52301       3.253463
   1.54233       3.279545
   1.56166       3.302286
   1.58099       3.324372
   1.60031       3.344530
   1.61964       3.362542
   1.63897       3.378026
   1.65829       3.390643
   1.67762       3.399948
   1.69695       3.405544
   1.71627       3.407201
   1.73680       3.476726
   1.75733       3.515885
   1.77786       3.519298
   1.79839       3.488924
   1.81891       3.430829
   1.83944       3.352854
   1.85997       3.280100
   1.88050       3.387535
   1.90103       3.491096
   1.92156       3.575095
   1.94209       3.626642
   1.96261       3.645156
   1.98314       3.604039
   2.00367       3.534764
   2.02420       3.457031
   2.04473       3.364521
   2.06526       3.371607
   2.08578       3.493602
   2.10631       3.655465
   2.12684       3.823296
   2.14737       3.790642
   2.16790       3.751236
   2.18843       3.720399
   2.20895       3.694241
   2.22948       3.672891
   2.25001       3.655952
   2.27054       3.644100
   2.29107       3.636979
   2.31160       3.634406
   2.33921       3.635918
   2.36682       3.640174
   2.39443       3.647354
   2.42204       3.656858
   2.44965       3.668477
   2.47726       3.681541
   2.50488       3.696696
   2.53249       3.703591
   2.56010       3.614593
   2.58771       3.499572
   2.61532       3.394899
   2.64293       3.371116
   2.67054       3.381963
   2.69815       3.353290
   2.72576       3.288128
   2.75338       3.198516
   2.78099       3.080095
   2.80860       2.960920
   2.83621       2.838225
   2.86382       2.720154
   2.89143       2.713919
   2.91904       2.752849
   2.94665       2.784558
   2.97427       2.800154
   3.00188       2.790061
   3.02949       2.817781
   3.05710       2.809889
   3.08471       2.740274
   3.11232       2.700201
 &
  
   0.56047       2.700201
   0.56047     -12.567425
 &
  
   1.15580       2.700201
   1.15580     -12.567425
 &
  
   1.71627       2.700201
   1.71627     -12.567425
 &
  
   2.31160       2.700201
   2.31160     -12.567425
 &
  
   0.00000       0.000000
   3.11232       0.000000
 &
