     0.0000    1.2754    1.2291    1.1827    1.1363    1.0899    1.0435    0.9972    0.9508    0.9044    0.8580    0.8116    0.7653    0.7189    0.6725    0.6261    0.5797    0.5334    0.4870    0.4406    0.3942    0.3478    0.3015    0.2551    0.2087    0.1623    0.1159    0.0696    0.0232   -0.0232   -0.0696   -0.1159   -0.1623   -0.2087   -0.2551   -0.3015   -0.3478   -0.3942   -0.4406   -0.4870   -0.5334   -0.5797   -0.6261   -0.6725   -0.7189   -0.7653   -0.8116   -0.8580   -0.9044   -0.9508   -0.9972   -1.0435   -1.0899   -1.1363   -1.1827   -1.2291   -1.2754
     0.7359   -2.3606   -2.3620   -2.3663   -2.3735   -2.3833   -2.3953   -2.4097   -2.4262   -2.4444   -2.4641   -2.4845   -2.5055   -2.5271   -2.5490   -2.5705   -2.5916   -2.6120   -2.6314   -2.6497   -2.6666   -2.6822   -2.6960   -2.7082   -2.7185   -2.7267   -2.7333   -2.7374   -2.7396   -2.7396   -2.7374   -2.7333   -2.7267   -2.7185   -2.7082   -2.6960   -2.6822   -2.6666   -2.6497   -2.6314   -2.6120   -2.5916   -2.5705   -2.5490   -2.5271   -2.5055   -2.4845   -2.4641   -2.4444   -2.4262   -2.4097   -2.3953   -2.3833   -2.3735   -2.3663   -2.3620   -2.3606
     0.7091   -2.3879   -2.3664   -2.3477   -2.3319   -2.3190   -2.3092   -2.3020   -2.2977   -2.2961   -2.2971   -2.3002   -2.3052   -2.3120   -2.3197   -2.3288   -2.3384   -2.3486   -2.3589   -2.3691   -2.3789   -2.3882   -2.3968   -2.4045   -2.4110   -2.4162   -2.4203   -2.4231   -2.4248   -2.4248   -2.4231   -2.4203   -2.4162   -2.4110   -2.4045   -2.3968   -2.3882   -2.3789   -2.3691   -2.3589   -2.3486   -2.3384   -2.3288   -2.3197   -2.3120   -2.3052   -2.3002   -2.2971   -2.2961   -2.2977   -2.3020   -2.3092   -2.3190   -2.3319   -2.3477   -2.3664   -2.3879
     0.6824   -2.4669   -2.4243   -2.3837   -2.3453   -2.3095   -2.2764   -2.2460   -2.2185   -2.1944   -2.1736   -2.1556   -2.1409   -2.1288   -2.1191   -2.1117   -2.1066   -2.1030   -2.1009   -2.1000   -2.1000   -2.1008   -2.1020   -2.1034   -2.1048   -2.1061   -2.1073   -2.1081   -2.1086   -2.1086   -2.1081   -2.1073   -2.1061   -2.1048   -2.1034   -2.1020   -2.1008   -2.1000   -2.1000   -2.1009   -2.1030   -2.1066   -2.1117   -2.1191   -2.1288   -2.1409   -2.1556   -2.1736   -2.1944   -2.2185   -2.2460   -2.2764   -2.3095   -2.3453   -2.3837   -2.4243   -2.4669
     0.6556   -2.5896   -2.5289   -2.4691   -2.4105   -2.3536   -2.2984   -2.2455   -2.1949   -2.1476   -2.1032   -2.0618   -2.0239   -1.9893   -1.9582   -1.9304   -1.9059   -1.8846   -1.8661   -1.8503   -1.8369   -1.8258   -1.8167   -1.8093   -1.8035   -1.7991   -1.7959   -1.7936   -1.7930   -1.7930   -1.7936   -1.7959   -1.7991   -1.8035   -1.8093   -1.8167   -1.8258   -1.8369   -1.8503   -1.8661   -1.8846   -1.9059   -1.9304   -1.9582   -1.9893   -2.0239   -2.0618   -2.1032   -2.1476   -2.1949   -2.2455   -2.2984   -2.3536   -2.4105   -2.4691   -2.5289   -2.5896
     0.6288   -2.7467   -2.6716   -2.5961   -2.5208   -2.4458   -2.3716   -2.2983   -2.2267   -2.1568   -2.0894   -2.0246   -1.9627   -1.9038   -1.8484   -1.7970   -1.7493   -1.7054   -1.6659   -1.6304   -1.5989   -1.5714   -1.5478   -1.5279   -1.5115   -1.4986   -1.4889   -1.4826   -1.4797   -1.4797   -1.4826   -1.4889   -1.4986   -1.5115   -1.5279   -1.5478   -1.5714   -1.5989   -1.6304   -1.6659   -1.7054   -1.7493   -1.7970   -1.8484   -1.9038   -1.9627   -2.0246   -2.0894   -2.1568   -2.2267   -2.2983   -2.3716   -2.4458   -2.5208   -2.5961   -2.6716   -2.7467
     0.6021   -2.9277   -2.8414   -2.7537   -2.6652   -2.5762   -2.4866   -2.3967   -2.3075   -2.2186   -2.1308   -2.0444   -1.9600   -1.8777   -1.7981   -1.7213   -1.6483   -1.5790   -1.5140   -1.4540   -1.3991   -1.3495   -1.3054   -1.2674   -1.2353   -1.2096   -1.1903   -1.1775   -1.1711   -1.1711   -1.1775   -1.1903   -1.2096   -1.2353   -1.2674   -1.3054   -1.3495   -1.3991   -1.4540   -1.5140   -1.5790   -1.6483   -1.7213   -1.7981   -1.8777   -1.9600   -2.0444   -2.1308   -2.2186   -2.3075   -2.3967   -2.4866   -2.5762   -2.6652   -2.7537   -2.8414   -2.9277
     0.5753   -3.1242   -3.0294   -2.9327   -2.8342   -2.7340   -2.6327   -2.5300   -2.4268   -2.3230   -2.2188   -2.1149   -2.0114   -1.9089   -1.8076   -1.7078   -1.6102   -1.5155   -1.4243   -1.3370   -1.2546   -1.1775   -1.1061   -1.0426   -0.9876   -0.9418   -0.9063   -0.8824   -0.8702   -0.8702   -0.8824   -0.9063   -0.9418   -0.9876   -1.0426   -1.1061   -1.1775   -1.2546   -1.3370   -1.4243   -1.5155   -1.6102   -1.7078   -1.8076   -1.9089   -2.0114   -2.1149   -2.2188   -2.3230   -2.4268   -2.5300   -2.6327   -2.7340   -2.8342   -2.9327   -3.0294   -3.1242
     0.5486   -3.3300   -3.2289   -3.1249   -3.0188   -2.9106   -2.8001   -2.6879   -2.5742   -2.4590   -2.3425   -2.2252   -2.1073   -1.9888   -1.8704   -1.7521   -1.6344   -1.5175   -1.4024   -1.2896   -1.1796   -1.0727   -0.9710   -0.8752   -0.7877   -0.7109   -0.6484   -0.6034   -0.5798   -0.5798   -0.6034   -0.6484   -0.7109   -0.7877   -0.8752   -0.9710   -1.0727   -1.1796   -1.2896   -1.4024   -1.5175   -1.6344   -1.7521   -1.8704   -1.9888   -2.1073   -2.2252   -2.3425   -2.4590   -2.5742   -2.6879   -2.8001   -2.9106   -3.0188   -3.1249   -3.2289   -3.3300
     0.5218   -3.5392   -3.4332   -3.3242   -3.2122   -3.0976   -2.9807   -2.8615   -2.7401   -2.6165   -2.4910   -2.3639   -2.2354   -2.1055   -1.9744   -1.8427   -1.7101   -1.5772   -1.4440   -1.3110   -1.1789   -1.0476   -0.9181   -0.7912   -0.6681   -0.5510   -0.4447   -0.3569   -0.3039   -0.3039   -0.3569   -0.4447   -0.5510   -0.6681   -0.7912   -0.9181   -1.0476   -1.1789   -1.3110   -1.4440   -1.5772   -1.7101   -1.8427   -1.9744   -2.1055   -2.2354   -2.3639   -2.4910   -2.6165   -2.7401   -2.8615   -2.9807   -3.0976   -3.2122   -3.3242   -3.4332   -3.5392
     0.4950   -3.7484   -3.6384   -3.5256   -3.4094   -3.2899   -3.1682   -3.0437   -2.9166   -2.7870   -2.6551   -2.5210   -2.3849   -2.2471   -2.1075   -1.9664   -1.8240   -1.6802   -1.5355   -1.3898   -1.2435   -1.0970   -0.9503   -0.8035   -0.6570   -0.5106   -0.3649   -0.2200   -0.0124   -0.0793   -0.2200   -0.3649   -0.5106   -0.6570   -0.8035   -0.9503   -1.0970   -1.2435   -1.3898   -1.5355   -1.6802   -1.8240   -1.9664   -2.1075   -2.2471   -2.3849   -2.5210   -2.6551   -2.7870   -2.9166   -3.0437   -3.1682   -3.2899   -3.4094   -3.5256   -3.6384   -3.7484
     0.4683   -3.9544   -3.8416   -3.7255   -3.6061   -3.4835   -3.3577   -3.2292   -3.0980   -2.9639   -2.8275   -2.6885   -2.5473   -2.4039   -2.2586   -2.1113   -1.9624   -1.8123   -1.6608   -1.5084   -1.3546   -1.2011   -1.0477   -0.8947   -0.7431   -0.5942   -0.4512   -0.3225   -0.2331   -0.2331   -0.3225   -0.4512   -0.5942   -0.7431   -0.8947   -1.0477   -1.2011   -1.3546   -1.5084   -1.6608   -1.8123   -1.9624   -2.1113   -2.2586   -2.4039   -2.5473   -2.6885   -2.8275   -2.9639   -3.0980   -3.2292   -3.3577   -3.4835   -3.6061   -3.7255   -3.8416   -3.9544
     0.4415   -4.1553   -4.0401   -3.9216   -3.7995   -3.6743   -3.5459   -3.4143   -3.2799   -3.1426   -3.0027   -2.8602   -2.7154   -2.5682   -2.4191   -2.2680   -2.1153   -1.9612   -1.8062   -1.6503   -1.4942   -1.3386   -1.1844   -1.0327   -0.8858   -0.7469   -0.6219   -0.5219   -0.4639   -0.4639   -0.5219   -0.6219   -0.7469   -0.8858   -1.0327   -1.1844   -1.3386   -1.4942   -1.6503   -1.8062   -1.9612   -2.1153   -2.2680   -2.4191   -2.5682   -2.7154   -2.8602   -3.0027   -3.1426   -3.2799   -3.4143   -3.5459   -3.6743   -3.7995   -3.9216   -4.0401   -4.1553
     0.4148   -4.3492   -4.2322   -4.1116   -3.9877   -3.8606   -3.7301   -3.5964   -3.4594   -3.3197   -3.1771   -3.0321   -2.8846   -2.7349   -2.5831   -2.4295   -2.2745   -2.1184   -1.9616   -1.8047   -1.6483   -1.4932   -1.3407   -1.1931   -1.0528   -0.9244   -0.8141   -0.7307   -0.6851   -0.6851   -0.7307   -0.8141   -0.9244   -1.0528   -1.1931   -1.3407   -1.4932   -1.6483   -1.8047   -1.9616   -2.1184   -2.2745   -2.4295   -2.5831   -2.7349   -2.8846   -3.0321   -3.1771   -3.3197   -3.4594   -3.5964   -3.7301   -3.8606   -3.9877   -4.1116   -4.2322   -4.3492
     0.3880   -4.5345   -4.4162   -4.2941   -4.1686   -4.0396   -3.9076   -3.7722   -3.6337   -3.4919   -3.3476   -3.2007   -3.0514   -2.8999   -2.7465   -2.5914   -2.4350   -2.2780   -2.1200   -1.9627   -1.8069   -1.6535   -1.5041   -1.3607   -1.2271   -1.1072   -1.0070   -0.9335   -0.8944   -0.8944   -0.9335   -1.0070   -1.1072   -1.2271   -1.3607   -1.5041   -1.6535   -1.8069   -1.9627   -2.1200   -2.2780   -2.4350   -2.5914   -2.7465   -2.8999   -3.0514   -3.2007   -3.3476   -3.4919   -3.6337   -3.7722   -3.9076   -4.0396   -4.1686   -4.2941   -4.4162   -4.5345
     0.3613   -4.7103   -4.5907   -4.4676   -4.3408   -4.2107   -4.0771   -3.9404   -3.8005   -3.6577   -3.5119   -3.3634   -3.2127   -3.0599   -2.9055   -2.7496   -2.5924   -2.4344   -2.2768   -2.1202   -1.9653   -1.8138   -1.6673   -1.5282   -1.3996   -1.2862   -1.1930   -1.1259   -1.0908   -1.0908   -1.1259   -1.1930   -1.2862   -1.3996   -1.5282   -1.6673   -1.8138   -1.9653   -2.1202   -2.2768   -2.4344   -2.5924   -2.7496   -2.9055   -3.0599   -3.2127   -3.3634   -3.5119   -3.6577   -3.8005   -3.9404   -4.0771   -4.2107   -4.3408   -4.4676   -4.5907   -4.7103
     0.3345   -4.8758   -4.7552   -4.6311   -4.5034   -4.3720   -4.2374   -4.0996   -3.9588   -3.8150   -3.6683   -3.5188   -3.3673   -3.2135   -3.0583   -2.9016   -2.7441   -2.5861   -2.4286   -2.2726   -2.1189   -1.9691   -1.8254   -1.6897   -1.5658   -1.4572   -1.3690   -1.3066   -1.2740   -1.2740   -1.3066   -1.3690   -1.4572   -1.5658   -1.6897   -1.8254   -1.9691   -2.1189   -2.2726   -2.4286   -2.5861   -2.7441   -2.9016   -3.0583   -3.2135   -3.3673   -3.5188   -3.6683   -3.8150   -3.9588   -4.0996   -4.2374   -4.3720   -4.5034   -4.6311   -4.7552   -4.8758
     0.3077   -5.0302   -4.9090   -4.7841   -4.6556   -4.5235   -4.3881   -4.2494   -4.1076   -3.9630   -3.8156   -3.6656   -3.5133   -3.3589   -3.2030   -3.0459   -2.8880   -2.7302   -2.5732   -2.4179   -2.2655   -2.1173   -1.9757   -1.8431   -1.7225   -1.6180   -1.5334   -1.4738   -1.4431   -1.4431   -1.4738   -1.5334   -1.6180   -1.7225   -1.8431   -1.9757   -2.1173   -2.2655   -2.4179   -2.5732   -2.7302   -2.8880   -3.0459   -3.2030   -3.3589   -3.5133   -3.6656   -3.8156   -3.9630   -4.1076   -4.2494   -4.3881   -4.5235   -4.6556   -4.7841   -4.9090   -5.0302
     0.2810   -5.1733   -5.0515   -4.9259   -4.7967   -4.6640   -4.5279   -4.3886   -4.2461   -4.1007   -3.9527   -3.8023   -3.6495   -3.4946   -3.3384   -3.1811   -3.0231   -2.8654   -2.7089   -2.5542   -2.4027   -2.2561   -2.1164   -1.9862   -1.8686   -1.7670   -1.6856   -1.6282   -1.5987   -1.5987   -1.6282   -1.6856   -1.7670   -1.8686   -1.9862   -2.1164   -2.2561   -2.4027   -2.5542   -2.7089   -2.8654   -3.0231   -3.1811   -3.3384   -3.4946   -3.6495   -3.8023   -3.9527   -4.1007   -4.2461   -4.3886   -4.5279   -4.6640   -4.7967   -4.9259   -5.0515   -5.1733
     0.2542   -5.3048   -5.1821   -5.0560   -4.9263   -4.7931   -4.6564   -4.5165   -4.3735   -4.2279   -4.0793   -3.9284   -3.7752   -3.6201   -3.4635   -3.3058   -3.1479   -2.9905   -2.8343   -2.6802   -2.5299   -2.3846   -2.2466   -2.1184   -2.0029   -1.9038   -1.8246   -1.7693   -1.7405   -1.7405   -1.7693   -1.8246   -1.9038   -2.0029   -2.1184   -2.2466   -2.3846   -2.5299   -2.6802   -2.8343   -2.9905   -3.1479   -3.3058   -3.4635   -3.6201   -3.7752   -3.9284   -4.0793   -4.2279   -4.3735   -4.5165   -4.6564   -4.7931   -4.9263   -5.0560   -5.1821   -5.3048
     0.2275   -5.4237   -5.3009   -5.1741   -5.0439   -4.9103   -4.7732   -4.6329   -4.4897   -4.3433   -4.1944   -4.0429   -3.8896   -3.7344   -3.5774   -3.4197   -3.2620   -3.1049   -2.9490   -2.7956   -2.6460   -2.5018   -2.3652   -2.2386   -2.1250   -2.0276   -1.9502   -1.8964   -1.8684   -1.8684   -1.8964   -1.9502   -2.0276   -2.1250   -2.2386   -2.3652   -2.5018   -2.6460   -2.7956   -2.9490   -3.1049   -3.2620   -3.4197   -3.5774   -3.7344   -3.8896   -4.0429   -4.1944   -4.3433   -4.4897   -4.6329   -4.7732   -4.9103   -5.0439   -5.1741   -5.3009   -5.4237
     0.2007   -5.5303   -5.4071   -5.2799   -5.1492   -5.0151   -4.8778   -4.7371   -4.5934   -4.4468   -4.2976   -4.1459   -3.9921   -3.8367   -3.6798   -3.5223   -3.3645   -3.2075   -3.0522   -2.8993   -2.7504   -2.6072   -2.4717   -2.3463   -2.2341   -2.1383   -2.0623   -2.0095   -1.9823   -1.9823   -2.0095   -2.0623   -2.1383   -2.2341   -2.3463   -2.4717   -2.6072   -2.7504   -2.8993   -3.0522   -3.2075   -3.3645   -3.5223   -3.6798   -3.8367   -3.9921   -4.1459   -4.2976   -4.4468   -4.5934   -4.7371   -4.8778   -5.0151   -5.1492   -5.2799   -5.4071   -5.5303
     0.1739   -5.6239   -5.5003   -5.3731   -5.2420   -5.1078   -4.9700   -4.8291   -4.6850   -4.5381   -4.3887   -4.2366   -4.0829   -3.9271   -3.7702   -3.6128   -3.4552   -3.2982   -3.1431   -2.9907   -2.8424   -2.7000   -2.5655   -2.4413   -2.3304   -2.2356   -2.1607   -2.1087   -2.0820   -2.0820   -2.1087   -2.1607   -2.2356   -2.3304   -2.4413   -2.5655   -2.7000   -2.8424   -2.9907   -3.1431   -3.2982   -3.4552   -3.6128   -3.7702   -3.9271   -4.0829   -4.2366   -4.3887   -4.5381   -4.6850   -4.8291   -4.9700   -5.1078   -5.2420   -5.3731   -5.5003   -5.6239
     0.1472   -5.7044   -5.5807   -5.4533   -5.3222   -5.1873   -5.0493   -4.9081   -4.7639   -4.6168   -4.4671   -4.3150   -4.1608   -4.0051   -3.8482   -3.6907   -3.5336   -3.3768   -3.2218   -3.0698   -2.9221   -2.7802   -2.6462   -2.5229   -2.4129   -2.3194   -2.2451   -2.1938   -2.1676   -2.1676   -2.1938   -2.2451   -2.3194   -2.4129   -2.5229   -2.6462   -2.7802   -2.9221   -3.0698   -3.2218   -3.3768   -3.5336   -3.6907   -3.8482   -4.0051   -4.1608   -4.3150   -4.4671   -4.6168   -4.7639   -4.9081   -5.0493   -5.1873   -5.3222   -5.4533   -5.5807   -5.7044
     0.1204   -5.5133   -5.4153   -5.3147   -5.2122   -5.1078   -5.0016   -4.8940   -4.7853   -4.6755   -4.5327   -4.3804   -4.2263   -4.0705   -3.9136   -3.7562   -3.5988   -3.4424   -3.2878   -3.1359   -2.9886   -2.8473   -2.7142   -2.5916   -2.4822   -2.3893   -2.3159   -2.2651   -2.2389   -2.2389   -2.2651   -2.3159   -2.3893   -2.4822   -2.5916   -2.7142   -2.8473   -2.9886   -3.1359   -3.2878   -3.4424   -3.5988   -3.7562   -3.9136   -4.0705   -4.2263   -4.3804   -4.5327   -4.6755   -4.7853   -4.8940   -5.0016   -5.1078   -5.2122   -5.3147   -5.4153   -5.5133
     0.0937   -5.3415   -5.2463   -5.1491   -5.0502   -4.9498   -4.8480   -4.7452   -4.6417   -4.5376   -4.4334   -4.3295   -4.2261   -4.1231   -3.9661   -3.8087   -3.6514   -3.4951   -3.3406   -3.1891   -3.0419   -2.9010   -2.7683   -2.6463   -2.5377   -2.4453   -2.3726   -2.3222   -2.2966   -2.2966   -2.3222   -2.3726   -2.4453   -2.5377   -2.6463   -2.7683   -2.9010   -3.0419   -3.1891   -3.3406   -3.4951   -3.6514   -3.8087   -3.9661   -4.1231   -4.2261   -4.3295   -4.4334   -4.5376   -4.6417   -4.7452   -4.8480   -4.9498   -5.0502   -5.1491   -5.2463   -5.3415
     0.0669   -5.2046   -5.1112   -5.0160   -4.9193   -4.8213   -4.7221   -4.6221   -4.5218   -4.4211   -4.3207   -4.2210   -4.1221   -4.0244   -3.9287   -3.8356   -3.6908   -3.5345   -3.3803   -3.2291   -3.0822   -2.9416   -2.8093   -2.6876   -2.5792   -2.4874   -2.4150   -2.3651   -2.3394   -2.3394   -2.3651   -2.4150   -2.4874   -2.5792   -2.6876   -2.8093   -2.9416   -3.0822   -3.2291   -3.3803   -3.5345   -3.6908   -3.8356   -3.9287   -4.0244   -4.1221   -4.2210   -4.3207   -4.4211   -4.5218   -4.6221   -4.7221   -4.8213   -4.9193   -5.0160   -5.1112   -5.2046
     0.0401   -5.1091   -5.0169   -4.9230   -4.8276   -4.7308   -4.6332   -4.5350   -4.4363   -4.3377   -4.2394   -4.1417   -4.0453   -3.9504   -3.8573   -3.7671   -3.6800   -3.5611   -3.4069   -3.2557   -3.1090   -2.9687   -2.8365   -2.7153   -2.6071   -2.5157   -2.4436   -2.3937   -2.3681   -2.3681   -2.3937   -2.4436   -2.5157   -2.6071   -2.7153   -2.8365   -2.9687   -3.1090   -3.2557   -3.4069   -3.5611   -3.6800   -3.7671   -3.8573   -3.9504   -4.0453   -4.1417   -4.2394   -4.3377   -4.4363   -4.5350   -4.6332   -4.7308   -4.8276   -4.9230   -5.0169   -5.1091
     0.0134   -5.0598   -4.9681   -4.8747   -4.7800   -4.6840   -4.5871   -4.4895   -4.3916   -4.2937   -4.1965   -4.0998   -4.0046   -3.9109   -3.8193   -3.7305   -3.6447   -3.5627   -3.4202   -3.2690   -3.1224   -2.9821   -2.8502   -2.7288   -2.6213   -2.5298   -2.4577   -2.4080   -2.3825   -2.3825   -2.4080   -2.4577   -2.5298   -2.6213   -2.7288   -2.8502   -2.9821   -3.1224   -3.2690   -3.4202   -3.5627   -3.6447   -3.7305   -3.8193   -3.9109   -4.0046   -4.0998   -4.1965   -4.2937   -4.3916   -4.4895   -4.5871   -4.6840   -4.7800   -4.8747   -4.9681   -5.0598
    -0.0134   -5.0598   -4.9681   -4.8747   -4.7800   -4.6840   -4.5871   -4.4895   -4.3916   -4.2937   -4.1965   -4.0998   -4.0046   -3.9109   -3.8193   -3.7305   -3.6447   -3.5627   -3.4202   -3.2690   -3.1224   -2.9821   -2.8502   -2.7288   -2.6213   -2.5298   -2.4577   -2.4080   -2.3825   -2.3825   -2.4080   -2.4577   -2.5298   -2.6213   -2.7288   -2.8502   -2.9821   -3.1224   -3.2690   -3.4202   -3.5627   -3.6447   -3.7305   -3.8193   -3.9109   -4.0046   -4.0998   -4.1965   -4.2937   -4.3916   -4.4895   -4.5871   -4.6840   -4.7800   -4.8747   -4.9681   -5.0598
    -0.0401   -5.1091   -5.0169   -4.9230   -4.8276   -4.7308   -4.6332   -4.5350   -4.4363   -4.3377   -4.2394   -4.1417   -4.0453   -3.9504   -3.8573   -3.7671   -3.6800   -3.5611   -3.4069   -3.2557   -3.1090   -2.9687   -2.8365   -2.7153   -2.6071   -2.5157   -2.4436   -2.3937   -2.3681   -2.3681   -2.3937   -2.4436   -2.5157   -2.6071   -2.7153   -2.8365   -2.9687   -3.1090   -3.2557   -3.4069   -3.5611   -3.6800   -3.7671   -3.8573   -3.9504   -4.0453   -4.1417   -4.2394   -4.3377   -4.4363   -4.5350   -4.6332   -4.7308   -4.8276   -4.9230   -5.0169   -5.1091
    -0.0669   -5.2046   -5.1112   -5.0160   -4.9193   -4.8213   -4.7221   -4.6221   -4.5218   -4.4211   -4.3207   -4.2210   -4.1221   -4.0244   -3.9287   -3.8356   -3.6908   -3.5345   -3.3803   -3.2291   -3.0822   -2.9416   -2.8093   -2.6876   -2.5792   -2.4874   -2.4150   -2.3651   -2.3394   -2.3394   -2.3651   -2.4150   -2.4874   -2.5792   -2.6876   -2.8093   -2.9416   -3.0822   -3.2291   -3.3803   -3.5345   -3.6908   -3.8356   -3.9287   -4.0244   -4.1221   -4.2210   -4.3207   -4.4211   -4.5218   -4.6221   -4.7221   -4.8213   -4.9193   -5.0160   -5.1112   -5.2046
    -0.0937   -5.3415   -5.2463   -5.1491   -5.0502   -4.9498   -4.8480   -4.7452   -4.6417   -4.5376   -4.4334   -4.3295   -4.2261   -4.1231   -3.9661   -3.8087   -3.6514   -3.4951   -3.3406   -3.1891   -3.0419   -2.9010   -2.7683   -2.6463   -2.5377   -2.4453   -2.3726   -2.3222   -2.2966   -2.2966   -2.3222   -2.3726   -2.4453   -2.5377   -2.6463   -2.7683   -2.9010   -3.0419   -3.1891   -3.3406   -3.4951   -3.6514   -3.8087   -3.9661   -4.1231   -4.2261   -4.3295   -4.4334   -4.5376   -4.6417   -4.7452   -4.8480   -4.9498   -5.0502   -5.1491   -5.2463   -5.3415
    -0.1204   -5.5133   -5.4153   -5.3147   -5.2122   -5.1078   -5.0016   -4.8940   -4.7853   -4.6755   -4.5327   -4.3804   -4.2263   -4.0705   -3.9136   -3.7562   -3.5988   -3.4424   -3.2878   -3.1359   -2.9886   -2.8473   -2.7142   -2.5916   -2.4822   -2.3893   -2.3159   -2.2651   -2.2389   -2.2389   -2.2651   -2.3159   -2.3893   -2.4822   -2.5916   -2.7142   -2.8473   -2.9886   -3.1359   -3.2878   -3.4424   -3.5988   -3.7562   -3.9136   -4.0705   -4.2263   -4.3804   -4.5327   -4.6755   -4.7853   -4.8940   -5.0016   -5.1078   -5.2122   -5.3147   -5.4153   -5.5133
    -0.1472   -5.7044   -5.5807   -5.4533   -5.3222   -5.1873   -5.0493   -4.9081   -4.7639   -4.6168   -4.4671   -4.3150   -4.1608   -4.0051   -3.8482   -3.6907   -3.5336   -3.3768   -3.2218   -3.0698   -2.9221   -2.7802   -2.6462   -2.5229   -2.4129   -2.3194   -2.2451   -2.1938   -2.1676   -2.1676   -2.1938   -2.2451   -2.3194   -2.4129   -2.5229   -2.6462   -2.7802   -2.9221   -3.0698   -3.2218   -3.3768   -3.5336   -3.6907   -3.8482   -4.0051   -4.1608   -4.3150   -4.4671   -4.6168   -4.7639   -4.9081   -5.0493   -5.1873   -5.3222   -5.4533   -5.5807   -5.7044
    -0.1739   -5.6239   -5.5003   -5.3731   -5.2420   -5.1078   -4.9700   -4.8291   -4.6850   -4.5381   -4.3887   -4.2366   -4.0829   -3.9271   -3.7702   -3.6128   -3.4552   -3.2982   -3.1431   -2.9907   -2.8424   -2.7000   -2.5655   -2.4413   -2.3304   -2.2356   -2.1607   -2.1087   -2.0820   -2.0820   -2.1087   -2.1607   -2.2356   -2.3304   -2.4413   -2.5655   -2.7000   -2.8424   -2.9907   -3.1431   -3.2982   -3.4552   -3.6128   -3.7702   -3.9271   -4.0829   -4.2366   -4.3887   -4.5381   -4.6850   -4.8291   -4.9700   -5.1078   -5.2420   -5.3731   -5.5003   -5.6239
    -0.2007   -5.5303   -5.4071   -5.2799   -5.1492   -5.0151   -4.8778   -4.7371   -4.5934   -4.4468   -4.2976   -4.1459   -3.9921   -3.8367   -3.6798   -3.5223   -3.3645   -3.2075   -3.0522   -2.8993   -2.7504   -2.6072   -2.4717   -2.3463   -2.2341   -2.1383   -2.0623   -2.0095   -1.9823   -1.9823   -2.0095   -2.0623   -2.1383   -2.2341   -2.3463   -2.4717   -2.6072   -2.7504   -2.8993   -3.0522   -3.2075   -3.3645   -3.5223   -3.6798   -3.8367   -3.9921   -4.1459   -4.2976   -4.4468   -4.5934   -4.7371   -4.8778   -5.0151   -5.1492   -5.2799   -5.4071   -5.5303
    -0.2275   -5.4237   -5.3009   -5.1741   -5.0439   -4.9103   -4.7732   -4.6329   -4.4897   -4.3433   -4.1944   -4.0429   -3.8896   -3.7344   -3.5774   -3.4197   -3.2620   -3.1049   -2.9490   -2.7956   -2.6460   -2.5018   -2.3652   -2.2386   -2.1250   -2.0276   -1.9502   -1.8964   -1.8684   -1.8684   -1.8964   -1.9502   -2.0276   -2.1250   -2.2386   -2.3652   -2.5018   -2.6460   -2.7956   -2.9490   -3.1049   -3.2620   -3.4197   -3.5774   -3.7344   -3.8896   -4.0429   -4.1944   -4.3433   -4.4897   -4.6329   -4.7732   -4.9103   -5.0439   -5.1741   -5.3009   -5.4237
    -0.2542   -5.3048   -5.1821   -5.0560   -4.9263   -4.7931   -4.6564   -4.5165   -4.3735   -4.2279   -4.0793   -3.9284   -3.7752   -3.6201   -3.4635   -3.3058   -3.1479   -2.9905   -2.8343   -2.6802   -2.5299   -2.3846   -2.2466   -2.1184   -2.0029   -1.9038   -1.8246   -1.7693   -1.7405   -1.7405   -1.7693   -1.8246   -1.9038   -2.0029   -2.1184   -2.2466   -2.3846   -2.5299   -2.6802   -2.8343   -2.9905   -3.1479   -3.3058   -3.4635   -3.6201   -3.7752   -3.9284   -4.0793   -4.2279   -4.3735   -4.5165   -4.6564   -4.7931   -4.9263   -5.0560   -5.1821   -5.3048
    -0.2810   -5.1733   -5.0515   -4.9259   -4.7967   -4.6640   -4.5279   -4.3886   -4.2461   -4.1007   -3.9527   -3.8023   -3.6495   -3.4946   -3.3384   -3.1811   -3.0231   -2.8654   -2.7089   -2.5542   -2.4027   -2.2561   -2.1164   -1.9862   -1.8686   -1.7670   -1.6856   -1.6282   -1.5987   -1.5987   -1.6282   -1.6856   -1.7670   -1.8686   -1.9862   -2.1164   -2.2561   -2.4027   -2.5542   -2.7089   -2.8654   -3.0231   -3.1811   -3.3384   -3.4946   -3.6495   -3.8023   -3.9527   -4.1007   -4.2461   -4.3886   -4.5279   -4.6640   -4.7967   -4.9259   -5.0515   -5.1733
    -0.3077   -5.0302   -4.9090   -4.7841   -4.6556   -4.5235   -4.3881   -4.2494   -4.1076   -3.9630   -3.8156   -3.6656   -3.5133   -3.3589   -3.2030   -3.0459   -2.8880   -2.7302   -2.5732   -2.4179   -2.2655   -2.1173   -1.9757   -1.8431   -1.7225   -1.6180   -1.5334   -1.4738   -1.4431   -1.4431   -1.4738   -1.5334   -1.6180   -1.7225   -1.8431   -1.9757   -2.1173   -2.2655   -2.4179   -2.5732   -2.7302   -2.8880   -3.0459   -3.2030   -3.3589   -3.5133   -3.6656   -3.8156   -3.9630   -4.1076   -4.2494   -4.3881   -4.5235   -4.6556   -4.7841   -4.9090   -5.0302
    -0.3345   -4.8758   -4.7552   -4.6311   -4.5034   -4.3720   -4.2374   -4.0996   -3.9588   -3.8150   -3.6683   -3.5188   -3.3673   -3.2135   -3.0583   -2.9016   -2.7441   -2.5861   -2.4286   -2.2726   -2.1189   -1.9691   -1.8254   -1.6897   -1.5658   -1.4572   -1.3690   -1.3066   -1.2740   -1.2740   -1.3066   -1.3690   -1.4572   -1.5658   -1.6897   -1.8254   -1.9691   -2.1189   -2.2726   -2.4286   -2.5861   -2.7441   -2.9016   -3.0583   -3.2135   -3.3673   -3.5188   -3.6683   -3.8150   -3.9588   -4.0996   -4.2374   -4.3720   -4.5034   -4.6311   -4.7552   -4.8758
    -0.3613   -4.7103   -4.5907   -4.4676   -4.3408   -4.2107   -4.0771   -3.9404   -3.8005   -3.6577   -3.5119   -3.3634   -3.2127   -3.0599   -2.9055   -2.7496   -2.5924   -2.4344   -2.2768   -2.1202   -1.9653   -1.8138   -1.6673   -1.5282   -1.3996   -1.2862   -1.1930   -1.1259   -1.0908   -1.0908   -1.1259   -1.1930   -1.2862   -1.3996   -1.5282   -1.6673   -1.8138   -1.9653   -2.1202   -2.2768   -2.4344   -2.5924   -2.7496   -2.9055   -3.0599   -3.2127   -3.3634   -3.5119   -3.6577   -3.8005   -3.9404   -4.0771   -4.2107   -4.3408   -4.4676   -4.5907   -4.7103
    -0.3880   -4.5345   -4.4162   -4.2941   -4.1686   -4.0396   -3.9076   -3.7722   -3.6337   -3.4919   -3.3476   -3.2007   -3.0514   -2.8999   -2.7465   -2.5914   -2.4350   -2.2780   -2.1200   -1.9627   -1.8069   -1.6535   -1.5041   -1.3607   -1.2271   -1.1072   -1.0070   -0.9335   -0.8944   -0.8944   -0.9335   -1.0070   -1.1072   -1.2271   -1.3607   -1.5041   -1.6535   -1.8069   -1.9627   -2.1200   -2.2780   -2.4350   -2.5914   -2.7465   -2.8999   -3.0514   -3.2007   -3.3476   -3.4919   -3.6337   -3.7722   -3.9076   -4.0396   -4.1686   -4.2941   -4.4162   -4.5345
    -0.4148   -4.3492   -4.2322   -4.1116   -3.9877   -3.8606   -3.7301   -3.5964   -3.4594   -3.3197   -3.1771   -3.0321   -2.8846   -2.7349   -2.5831   -2.4295   -2.2745   -2.1184   -1.9616   -1.8047   -1.6483   -1.4932   -1.3407   -1.1931   -1.0528   -0.9244   -0.8141   -0.7307   -0.6851   -0.6851   -0.7307   -0.8141   -0.9244   -1.0528   -1.1931   -1.3407   -1.4932   -1.6483   -1.8047   -1.9616   -2.1184   -2.2745   -2.4295   -2.5831   -2.7349   -2.8846   -3.0321   -3.1771   -3.3197   -3.4594   -3.5964   -3.7301   -3.8606   -3.9877   -4.1116   -4.2322   -4.3492
    -0.4415   -4.1553   -4.0401   -3.9216   -3.7995   -3.6743   -3.5459   -3.4143   -3.2799   -3.1426   -3.0027   -2.8602   -2.7154   -2.5682   -2.4191   -2.2680   -2.1153   -1.9612   -1.8062   -1.6503   -1.4942   -1.3386   -1.1844   -1.0327   -0.8858   -0.7469   -0.6219   -0.5219   -0.4639   -0.4639   -0.5219   -0.6219   -0.7469   -0.8858   -1.0327   -1.1844   -1.3386   -1.4942   -1.6503   -1.8062   -1.9612   -2.1153   -2.2680   -2.4191   -2.5682   -2.7154   -2.8602   -3.0027   -3.1426   -3.2799   -3.4143   -3.5459   -3.6743   -3.7995   -3.9216   -4.0401   -4.1553
    -0.4683   -3.9544   -3.8416   -3.7255   -3.6061   -3.4835   -3.3577   -3.2292   -3.0980   -2.9639   -2.8275   -2.6885   -2.5473   -2.4039   -2.2586   -2.1113   -1.9624   -1.8123   -1.6608   -1.5084   -1.3546   -1.2011   -1.0477   -0.8947   -0.7431   -0.5942   -0.4512   -0.3225   -0.2331   -0.2331   -0.3225   -0.4512   -0.5942   -0.7431   -0.8947   -1.0477   -1.2011   -1.3546   -1.5084   -1.6608   -1.8123   -1.9624   -2.1113   -2.2586   -2.4039   -2.5473   -2.6885   -2.8275   -2.9639   -3.0980   -3.2292   -3.3577   -3.4835   -3.6061   -3.7255   -3.8416   -3.9544
    -0.4950   -3.7484   -3.6384   -3.5256   -3.4094   -3.2899   -3.1682   -3.0437   -2.9166   -2.7870   -2.6551   -2.5210   -2.3849   -2.2471   -2.1075   -1.9664   -1.8240   -1.6802   -1.5355   -1.3898   -1.2435   -1.0970   -0.9503   -0.8035   -0.6570   -0.5106   -0.3649   -0.2200   -0.0124   -0.0124   -0.2200   -0.3649   -0.5106   -0.6570   -0.8035   -0.9503   -1.0970   -1.2435   -1.3898   -1.5355   -1.6802   -1.8240   -1.9664   -2.1075   -2.2471   -2.3849   -2.5210   -2.6551   -2.7870   -2.9166   -3.0437   -3.1682   -3.2899   -3.4094   -3.5256   -3.6384   -3.7484
    -0.5218   -3.5392   -3.4332   -3.3242   -3.2122   -3.0976   -2.9807   -2.8615   -2.7401   -2.6165   -2.4910   -2.3639   -2.2354   -2.1055   -1.9744   -1.8427   -1.7101   -1.5772   -1.4440   -1.3110   -1.1789   -1.0476   -0.9181   -0.7912   -0.6681   -0.5510   -0.4447   -0.3569   -0.3039   -0.3039   -0.3569   -0.4447   -0.5510   -0.6681   -0.7912   -0.9181   -1.0476   -1.1789   -1.3110   -1.4440   -1.5772   -1.7101   -1.8427   -1.9744   -2.1055   -2.2354   -2.3639   -2.4910   -2.6165   -2.7401   -2.8615   -2.9807   -3.0976   -3.2122   -3.3242   -3.4332   -3.5392
    -0.5486   -3.3300   -3.2289   -3.1249   -3.0188   -2.9106   -2.8001   -2.6879   -2.5742   -2.4590   -2.3425   -2.2252   -2.1073   -1.9888   -1.8704   -1.7521   -1.6344   -1.5175   -1.4024   -1.2896   -1.1796   -1.0727   -0.9710   -0.8752   -0.7877   -0.7109   -0.6484   -0.6034   -0.5798   -0.5798   -0.6034   -0.6484   -0.7109   -0.7877   -0.8752   -0.9710   -1.0727   -1.1796   -1.2896   -1.4024   -1.5175   -1.6344   -1.7521   -1.8704   -1.9888   -2.1073   -2.2252   -2.3425   -2.4590   -2.5742   -2.6879   -2.8001   -2.9106   -3.0188   -3.1249   -3.2289   -3.3300
    -0.5753   -3.1242   -3.0294   -2.9327   -2.8342   -2.7340   -2.6327   -2.5300   -2.4268   -2.3230   -2.2188   -2.1149   -2.0114   -1.9089   -1.8076   -1.7078   -1.6102   -1.5155   -1.4243   -1.3370   -1.2546   -1.1775   -1.1061   -1.0426   -0.9876   -0.9418   -0.9063   -0.8824   -0.8702   -0.8702   -0.8824   -0.9063   -0.9418   -0.9876   -1.0426   -1.1061   -1.1775   -1.2546   -1.3370   -1.4243   -1.5155   -1.6102   -1.7078   -1.8076   -1.9089   -2.0114   -2.1149   -2.2188   -2.3230   -2.4268   -2.5300   -2.6327   -2.7340   -2.8342   -2.9327   -3.0294   -3.1242
    -0.6021   -2.9277   -2.8414   -2.7537   -2.6652   -2.5762   -2.4866   -2.3967   -2.3075   -2.2186   -2.1308   -2.0444   -1.9600   -1.8777   -1.7981   -1.7213   -1.6483   -1.5790   -1.5140   -1.4540   -1.3991   -1.3495   -1.3054   -1.2674   -1.2353   -1.2096   -1.1903   -1.1775   -1.1711   -1.1711   -1.1775   -1.1903   -1.2096   -1.2353   -1.2674   -1.3054   -1.3495   -1.3991   -1.4540   -1.5140   -1.5790   -1.6483   -1.7213   -1.7981   -1.8777   -1.9600   -2.0444   -2.1308   -2.2186   -2.3075   -2.3967   -2.4866   -2.5762   -2.6652   -2.7537   -2.8414   -2.9277
    -0.6288   -2.7467   -2.6716   -2.5961   -2.5208   -2.4458   -2.3716   -2.2983   -2.2267   -2.1568   -2.0894   -2.0246   -1.9627   -1.9038   -1.8484   -1.7970   -1.7493   -1.7054   -1.6659   -1.6304   -1.5989   -1.5714   -1.5478   -1.5279   -1.5115   -1.4986   -1.4889   -1.4826   -1.4797   -1.4797   -1.4826   -1.4889   -1.4986   -1.5115   -1.5279   -1.5478   -1.5714   -1.5989   -1.6304   -1.6659   -1.7054   -1.7493   -1.7970   -1.8484   -1.9038   -1.9627   -2.0246   -2.0894   -2.1568   -2.2267   -2.2983   -2.3716   -2.4458   -2.5208   -2.5961   -2.6716   -2.7467
    -0.6556   -2.5896   -2.5289   -2.4691   -2.4105   -2.3536   -2.2984   -2.2455   -2.1949   -2.1476   -2.1032   -2.0618   -2.0239   -1.9893   -1.9582   -1.9304   -1.9059   -1.8846   -1.8661   -1.8503   -1.8369   -1.8258   -1.8167   -1.8093   -1.8035   -1.7991   -1.7959   -1.7936   -1.7930   -1.7930   -1.7936   -1.7959   -1.7991   -1.8035   -1.8093   -1.8167   -1.8258   -1.8369   -1.8503   -1.8661   -1.8846   -1.9059   -1.9304   -1.9582   -1.9893   -2.0239   -2.0618   -2.1032   -2.1476   -2.1949   -2.2455   -2.2984   -2.3536   -2.4105   -2.4691   -2.5289   -2.5896
    -0.6824   -2.4669   -2.4243   -2.3837   -2.3453   -2.3095   -2.2764   -2.2460   -2.2185   -2.1944   -2.1736   -2.1556   -2.1409   -2.1288   -2.1191   -2.1117   -2.1066   -2.1030   -2.1009   -2.1000   -2.1000   -2.1008   -2.1020   -2.1034   -2.1048   -2.1061   -2.1073   -2.1081   -2.1086   -2.1086   -2.1081   -2.1073   -2.1061   -2.1048   -2.1034   -2.1020   -2.1008   -2.1000   -2.1000   -2.1009   -2.1030   -2.1066   -2.1117   -2.1191   -2.1288   -2.1409   -2.1556   -2.1736   -2.1944   -2.2185   -2.2460   -2.2764   -2.3095   -2.3453   -2.3837   -2.4243   -2.4669
    -0.7091   -2.3879   -2.3664   -2.3477   -2.3319   -2.3190   -2.3092   -2.3020   -2.2977   -2.2961   -2.2971   -2.3002   -2.3052   -2.3120   -2.3197   -2.3288   -2.3384   -2.3486   -2.3589   -2.3691   -2.3789   -2.3882   -2.3968   -2.4045   -2.4110   -2.4162   -2.4203   -2.4231   -2.4248   -2.4248   -2.4231   -2.4203   -2.4162   -2.4110   -2.4045   -2.3968   -2.3882   -2.3789   -2.3691   -2.3589   -2.3486   -2.3384   -2.3288   -2.3197   -2.3120   -2.3052   -2.3002   -2.2971   -2.2961   -2.2977   -2.3020   -2.3092   -2.3190   -2.3319   -2.3477   -2.3664   -2.3879
    -0.7359   -2.3606   -2.3620   -2.3663   -2.3735   -2.3833   -2.3953   -2.4097   -2.4262   -2.4444   -2.4641   -2.4845   -2.5055   -2.5271   -2.5490   -2.5705   -2.5916   -2.6120   -2.6314   -2.6497   -2.6666   -2.6822   -2.6960   -2.7082   -2.7185   -2.7267   -2.7332   -2.7374   -2.7396   -2.7396   -2.7374   -2.7332   -2.7267   -2.7185   -2.7082   -2.6960   -2.6822   -2.6666   -2.6497   -2.6314   -2.6120   -2.5916   -2.5705   -2.5490   -2.5271   -2.5055   -2.4845   -2.4641   -2.4444   -2.4262   -2.4097   -2.3953   -2.3833   -2.3735   -2.3663   -2.3620   -2.3606
