     0.0000    1.2754    1.2291    1.1827    1.1363    1.0899    1.0435    0.9972    0.9508    0.9044    0.8580    0.8116    0.7653    0.7189    0.6725    0.6261    0.5797    0.5334    0.4870    0.4406    0.3942    0.3478    0.3015    0.2551    0.2087    0.1623    0.1159    0.0696    0.0232   -0.0232   -0.0696   -0.1159   -0.1623   -0.2087   -0.2551   -0.3015   -0.3478   -0.3942   -0.4406   -0.4870   -0.5334   -0.5797   -0.6261   -0.6725   -0.7189   -0.7653   -0.8116   -0.8580   -0.9044   -0.9508   -0.9972   -1.0435   -1.0899   -1.1363   -1.1827   -1.2291   -1.2754
     0.7359    1.6742    1.6780    1.6889    1.7066    1.7312    1.7618    1.7991    1.8415    1.8896    1.9418    1.9978    2.0570    2.1189    2.1820    2.2463    2.3110    2.3750    2.4374    2.4975    2.5545    2.6078    2.6560    2.6989    2.7359    2.7664    2.7896    2.8056    2.8135    2.8135    2.8056    2.7896    2.7664    2.7359    2.6989    2.6560    2.6078    2.5545    2.4975    2.4374    2.3750    2.3110    2.2463    2.1820    2.1189    2.0570    1.9978    1.9418    1.8896    1.8415    1.7991    1.7618    1.7312    1.7066    1.6889    1.6780    1.6742
     0.7091    1.7101    1.6890    1.6748    1.6677    1.6673    1.6742    1.6881    1.7078    1.7340    1.7655    1.8026    1.8434    1.8880    1.9357    1.9853    2.0367    2.0880    2.1394    2.1895    2.2377    2.2825    2.3236    2.3607    2.3930    2.4195    2.4398    2.4537    2.4608    2.4608    2.4537    2.4398    2.4195    2.3930    2.3607    2.3236    2.2825    2.2377    2.1895    2.1394    2.0880    2.0367    1.9853    1.9357    1.8880    1.8434    1.8026    1.7655    1.7340    1.7078    1.6881    1.6742    1.6673    1.6677    1.6748    1.6890    1.7101
     0.6824    1.8141    1.7698    1.7317    1.6997    1.6746    1.6562    1.6451    1.6400    1.6412    1.6488    1.6618    1.6804    1.7039    1.7315    1.7625    1.7962    1.8317    1.8689    1.9059    1.9421    1.9760    2.0083    2.0378    2.0634    2.0845    2.1008    2.1120    2.1179    2.1179    2.1120    2.1008    2.0845    2.0634    2.0378    2.0083    1.9760    1.9421    1.9059    1.8689    1.8317    1.7962    1.7625    1.7315    1.7039    1.6804    1.6618    1.6488    1.6412    1.6400    1.6451    1.6562    1.6746    1.6997    1.7317    1.7698    1.8141
     0.6556    1.9779    1.9139    1.8542    1.8003    1.7518    1.7089    1.6724    1.6419    1.6170    1.5984    1.5858    1.5788    1.5773    1.5807    1.5887    1.6005    1.6155    1.6334    1.6527    1.6727    1.6932    1.7132    1.7320    1.7487    1.7629    1.7740    1.7816    1.7854    1.7854    1.7816    1.7740    1.7629    1.7487    1.7320    1.7132    1.6932    1.6727    1.6527    1.6334    1.6155    1.6005    1.5887    1.5807    1.5773    1.5788    1.5858    1.5984    1.6170    1.6419    1.6724    1.7089    1.7518    1.8003    1.8542    1.9139    1.9779
     0.6288    2.1916    2.1103    2.0332    1.9602    1.8916    1.8272    1.7676    1.7134    1.6635    1.6191    1.5798    1.5458    1.5170    1.4932    1.4741    1.4598    1.4497    1.4434    1.4399    1.4393    1.4408    1.4435    1.4480    1.4524    1.4566    1.4602    1.4628    1.4642    1.4642    1.4628    1.4602    1.4566    1.4524    1.4480    1.4435    1.4408    1.4393    1.4399    1.4434    1.4497    1.4598    1.4741    1.4932    1.5170    1.5458    1.5798    1.6191    1.6635    1.7134    1.7676    1.8272    1.8916    1.9602    2.0332    2.1103    2.1916
     0.6021    2.4441    2.3494    2.2579    2.1689    2.0832    2.0009    1.9219    1.8465    1.7749    1.7067    1.6429    1.5831    1.5273    1.4755    1.4281    1.3848    1.3458    1.3105    1.2797    1.2525    1.2290    1.2092    1.1925    1.1793    1.1692    1.1615    1.1565    1.1543    1.1543    1.1565    1.1615    1.1692    1.1793    1.1925    1.2092    1.2290    1.2525    1.2797    1.3105    1.3458    1.3848    1.4281    1.4755    1.5273    1.5831    1.6429    1.7067    1.7749    1.8465    1.9219    2.0009    2.0832    2.1689    2.2579    2.3494    2.4441
     0.5753    2.7264    2.6205    2.5168    2.4151    2.3155    2.2182    2.1231    2.0301    1.9399    1.8519    1.7668    1.6842    1.6043    1.5271    1.4528    1.3813    1.3124    1.2470    1.1852    1.1267    1.0724    1.0228    0.9779    0.9391    0.9066    0.8817    0.8644    0.8560    0.8560    0.8644    0.8817    0.9066    0.9391    0.9779    1.0228    1.0724    1.1267    1.1852    1.2470    1.3124    1.3813    1.4528    1.5271    1.6043    1.6842    1.7668    1.8519    1.9399    2.0301    2.1231    2.2182    2.3155    2.4151    2.5168    2.6205    2.7264
     0.5486    3.0298    2.9148    2.8008    2.6885    2.5770    2.4671    2.3589    2.2517    2.1464    2.0421    1.9390    1.8375    1.7376    1.6390    1.5414    1.4449    1.3501    1.2566    1.1647    1.0749    0.9877    0.9037    0.8236    0.7498    0.6840    0.6299    0.5906    0.5692    0.5692    0.5906    0.6299    0.6840    0.7498    0.8236    0.9037    0.9877    1.0749    1.1647    1.2566    1.3501    1.4449    1.5414    1.6390    1.7376    1.8375    1.9390    2.0421    2.1464    2.2517    2.3589    2.4671    2.5770    2.6885    2.8008    2.9148    3.0298
     0.5218    3.3480    3.2250    3.1026    2.9806    2.8591    2.7387    2.6186    2.4998    2.3817    2.2642    2.1466    2.0296    1.9133    1.7969    1.6801    1.5640    1.4480    1.3319    1.2159    1.0997    0.9836    0.8681    0.7536    0.6410    0.5328    0.4326    0.3493    0.2992    0.2992    0.3493    0.4326    0.5328    0.6410    0.7536    0.8681    0.9836    1.0997    1.2159    1.3319    1.4480    1.5640    1.6801    1.7969    1.9133    2.0296    2.1466    2.2642    2.3817    2.4998    2.6186    2.7387    2.8591    2.9806    3.1026    3.2250    3.3480
     0.4950    3.6754    3.5453    3.4147    3.2846    3.1545    3.0243    2.8941    2.7645    2.6351    2.5056    2.3758    2.2462    2.1159    1.9850    1.8540    1.7225    1.5905    1.4576    1.3234    1.1889    1.0531    0.9162    0.7784    0.6391    0.4991    0.3577    0.2166    0.0108    0.0775    0.2166    0.3577    0.4991    0.6391    0.7784    0.9162    1.0531    1.1889    1.3234    1.4576    1.5905    1.7225    1.8540    1.9850    2.1159    2.2462    2.3758    2.5056    2.6351    2.7645    2.8941    3.0243    3.1545    3.2846    3.4147    3.5453    3.6754
     0.4683    4.0076    3.8698    3.7320    3.5937    3.4552    3.3164    3.1770    3.0370    2.8976    2.7578    2.6172    2.4757    2.3337    2.1911    2.0484    1.9045    1.7598    1.6144    1.4683    1.3215    1.1740    1.0262    0.8780    0.7303    0.5846    0.4450    0.3184    0.2298    0.2298    0.3184    0.4450    0.5846    0.7303    0.8780    1.0262    1.1740    1.3215    1.4683    1.6144    1.7598    1.9045    2.0484    2.1911    2.3337    2.4757    2.6172    2.7578    2.8976    3.0370    3.1770    3.3164    3.4552    3.5937    3.7320    3.8698    4.0076
     0.4415    4.3388    4.1943    4.0487    3.9030    3.7562    3.6087    3.4604    3.3117    3.1623    3.0123    2.8617    2.7096    2.5575    2.4044    2.2508    2.0966    1.9420    1.7870    1.6317    1.4768    1.3224    1.1696    1.0192    0.8732    0.7347    0.6103    0.5108    0.4526    0.4526    0.5108    0.6103    0.7347    0.8732    1.0192    1.1696    1.3224    1.4768    1.6317    1.7870    1.9420    2.0966    2.2508    2.4044    2.5575    2.7096    2.8617    3.0123    3.1623    3.3117    3.4604    3.6087    3.7562    3.9030    4.0487    4.1943    4.3388
     0.4148    4.6657    4.5140    4.3610    4.2067    4.0517    3.8957    3.7387    3.5809    3.4221    3.2626    3.1014    2.9406    2.7782    2.6156    2.4525    2.2890    2.1258    1.9626    1.8001    1.6392    1.4802    1.3246    1.1742    1.0319    0.9015    0.7895    0.7050    0.6589    0.6589    0.7050    0.7895    0.9015    1.0319    1.1742    1.3246    1.4802    1.6392    1.8001    1.9626    2.1258    2.2890    2.4525    2.6156    2.7782    2.9406    3.1014    3.2626    3.4221    3.5809    3.7387    3.8957    4.0517    4.2067    4.3610    4.5140    4.6657
     0.3880    4.9839    4.8244    4.6639    4.5018    4.3384    4.1731    4.0072    3.8401    3.6721    3.5031    3.3330    3.1620    2.9904    2.8186    2.6465    2.4746    2.3032    2.1328    1.9640    1.7977    1.6352    1.4780    1.3281    1.1884    1.0640    0.9600    0.8844    0.8441    0.8441    0.8844    0.9600    1.0640    1.1884    1.3281    1.4780    1.6352    1.7977    1.9640    2.1328    2.3032    2.4746    2.6465    2.8186    2.9904    3.1620    3.3330    3.5031    3.6721    3.8401    4.0072    4.1731    4.3384    4.5018    4.6639    4.8244    4.9839
     0.3613    5.2903    5.1230    4.9542    4.7834    4.6111    4.4372    4.2620    4.0860    3.9078    3.7293    3.5500    3.3702    3.1893    3.0079    2.8274    2.6474    2.4686    2.2913    2.1169    1.9461    1.7804    1.6212    1.4716    1.3341    1.2133    1.1147    1.0441    1.0070    1.0070    1.0441    1.1147    1.2133    1.3341    1.4716    1.6212    1.7804    1.9461    2.1169    2.2913    2.4686    2.6474    2.8274    3.0079    3.1893    3.3702    3.5500    3.7293    3.9078    4.0860    4.2620    4.4372    4.6111    4.7834    4.9542    5.1230    5.2903
     0.3345    5.5810    5.4057    5.2280    5.0485    4.8673    4.6841    4.4996    4.3131    4.1259    3.9379    3.7489    3.5595    3.3706    3.1810    2.9920    2.8043    2.6184    2.4353    2.2555    2.0804    1.9115    1.7507    1.6006    1.4640    1.3458    1.2504    1.1827    1.1476    1.1476    1.1827    1.2504    1.3458    1.4640    1.6006    1.7507    1.9115    2.0804    2.2555    2.4353    2.6184    2.8043    2.9920    3.1810    3.3706    3.5595    3.7489    3.9379    4.1259    4.3131    4.4996    4.6841    4.8673    5.0485    5.2280    5.4057    5.5810
     0.3077    5.8535    5.6692    5.4829    5.2943    5.1030    4.9103    4.7164    4.5205    4.3238    4.1264    3.9284    3.7303    3.5327    3.3351    3.1386    2.9439    2.7512    2.5624    2.3772    2.1981    2.0263    1.8636    1.7128    1.5771    1.4603    1.3668    1.3011    1.2670    1.2670    1.3011    1.3668    1.4603    1.5771    1.7128    1.8636    2.0263    2.1981    2.3772    2.5624    2.7512    2.9439    3.1386    3.3351    3.5327    3.7303    3.9284    4.1264    4.3238    4.5205    4.7164    4.9103    5.1030    5.2943    5.4829    5.6693    5.8535
     0.2810    6.1050    5.9124    5.7162    5.5177    5.3166    5.1146    4.9107    4.7061    4.5004    4.2941    4.0875    3.8805    3.6745    3.4695    3.2657    3.0644    2.8667    2.6718    2.4824    2.2997    2.1251    1.9608    1.8091    1.6729    1.5570    1.4647    1.4001    1.3667    1.3667    1.4001    1.4647    1.5570    1.6729    1.8091    1.9608    2.1251    2.2997    2.4824    2.6718    2.8667    3.0644    3.2657    3.4695    3.6745    3.8805    4.0875    4.2941    4.5004    4.7061    4.9107    5.1146    5.3166    5.5177    5.7162    5.9124    6.1050
     0.2542    5.9828    5.8400    5.7024    5.5701    5.4429    5.2948    5.0822    4.8683    4.6535    4.4386    4.2240    4.0097    3.7966    3.5843    3.3745    3.1673    2.9633    2.7643    2.5710    2.3847    2.2074    2.0412    1.8880    1.7522    1.6364    1.5447    1.4810    1.4482    1.4482    1.4810    1.5447    1.6364    1.7522    1.8880    2.0412    2.2074    2.3847    2.5710    2.7643    2.9633    3.1673    3.3745    3.5843    3.7966    4.0097    4.2240    4.4386    4.6535    4.8683    5.0822    5.2948    5.4429    5.5701    5.7024    5.8400    5.9828
     0.2275    5.8399    5.6970    5.5594    5.4270    5.2998    5.1779    5.0612    4.9498    4.7851    4.5629    4.3409    4.1195    3.8989    3.6812    3.4652    3.2525    3.0434    2.8404    2.6434    2.4541    2.2748    2.1066    1.9523    1.8161    1.7006    1.6096    1.5464    1.5141    1.5141    1.5464    1.6096    1.7006    1.8161    1.9523    2.1066    2.2748    2.4541    2.6434    2.8404    3.0434    3.2525    3.4652    3.6812    3.8989    4.1195    4.3409    4.5629    4.7851    4.9498    5.0612    5.1779    5.2998    5.4270    5.5594    5.6970    5.8399
     0.2007    5.7126    5.5697    5.4320    5.2996    5.1724    5.0505    4.9338    4.8224    4.7163    4.6155    4.4378    4.2102    3.9845    3.7608    3.5397    3.3225    3.1094    2.9019    2.7016    2.5098    2.3282    2.1588    2.0042    1.8672    1.7517    1.6610    1.5981    1.5659    1.5659    1.5981    1.6610    1.7517    1.8672    2.0042    2.1588    2.3282    2.5098    2.7016    2.9019    3.1094    3.3225    3.5397    3.7608    3.9845    4.2102    4.4378    4.6155    4.7163    4.8224    4.9338    5.0505    5.1724    5.2996    5.4320    5.5697    5.7126
     0.1739    5.6011    5.4582    5.3205    5.1881    5.0609    4.9390    4.8223    4.7109    4.6048    4.5039    4.4084    4.2843    4.0532    3.8251    3.5994    3.3781    3.1619    2.9510    2.7480    2.5538    2.3705    2.1996    2.0443    1.9072    1.7918    1.7008    1.6382    1.6064    1.6064    1.6382    1.7008    1.7918    1.9072    2.0443    2.1996    2.3705    2.5538    2.7480    2.9510    3.1619    3.3781    3.5994    3.8251    4.0532    4.2843    4.4084    4.5039    4.6048    4.7109    4.8223    4.9390    5.0609    5.1881    5.3205    5.4582    5.6011
     0.1472    5.5054    5.3625    5.2248    5.0924    4.9652    4.8433    4.7266    4.6152    4.5091    4.4082    4.3127    4.2224    4.1079    3.8754    3.6464    3.4217    3.2022    2.9893    2.7838    2.5878    2.4030    2.2314    2.0751    1.9377    1.8222    1.7316    1.6691    1.6370    1.6370    1.6691    1.7316    1.8222    1.9377    2.0751    2.2314    2.4030    2.5878    2.7838    2.9893    3.2022    3.4217    3.6464    3.8754    4.1079    4.2224    4.3127    4.4082    4.5091    4.6152    4.7266    4.8433    4.9652    5.0924    5.2248    5.3625    5.5054
     0.1204    5.4255    5.2826    5.1450    5.0125    4.8854    4.7634    4.6468    4.5354    4.4293    4.3285    4.2329    4.1427    4.0577    3.9142    3.6821    3.4549    3.2334    3.0184    2.8110    2.6136    2.4274    2.2549    2.0980    1.9603    1.8445    1.7539    1.6916    1.6604    1.6604    1.6916    1.7539    1.8445    1.9603    2.0980    2.2549    2.4274    2.6136    2.8110    3.0184    3.2334    3.4549    3.6821    3.9142    4.0577    4.1427    4.2329    4.3285    4.4293    4.5354    4.6468    4.7634    4.8854    5.0125    5.1450    5.2826    5.4255
     0.0937    5.3615    5.2186    5.0810    4.9486    4.8214    4.6995    4.5829    4.4715    4.3654    4.2646    4.1690    4.0788    3.9939    3.9142    3.7090    3.4796    3.2559    3.0394    2.8310    2.6320    2.4450    2.2718    2.1143    1.9764    1.8605    1.7702    1.7080    1.6760    1.6760    1.7080    1.7702    1.8605    1.9764    2.1143    2.2718    2.4450    2.6320    2.8310    3.0394    3.2559    3.4796    3.7090    3.9142    3.9939    4.0788    4.1690    4.2646    4.3654    4.4715    4.5829    4.6995    4.8214    4.9486    5.0810    5.2186    5.3615
     0.0669    5.3134    5.1706    5.0330    4.9006    4.7734    4.6515    4.5349    4.4235    4.3174    4.2166    4.1211    4.0309    3.9460    3.8663    3.7285    3.4975    3.2723    3.0538    2.8444    2.6449    2.4571    2.2833    2.1256    1.9875    1.8717    1.7810    1.7189    1.6872    1.6872    1.7189    1.7810    1.8717    1.9875    2.1256    2.2833    2.4571    2.6449    2.8444    3.0538    3.2723    3.4975    3.7285    3.8663    3.9460    4.0309    4.1211    4.2166    4.3174    4.4235    4.5349    4.6515    4.7734    4.9006    5.0330    5.1706    5.3134
     0.0401    5.2813    5.1385    5.0009    4.8685    4.7414    4.6195    4.5029    4.3915    4.2855    4.1846    4.0891    3.9989    3.9140    3.8344    3.7398    3.5082    3.2824    3.0637    2.8534    2.6533    2.4650    2.2911    2.1330    1.9946    1.8788    1.7884    1.7262    1.6945    1.6945    1.7262    1.7884    1.8788    1.9946    2.1330    2.2911    2.4650    2.6533    2.8534    3.0637    3.2824    3.5082    3.7398    3.8344    3.9140    3.9989    4.0891    4.1846    4.2855    4.3915    4.5029    4.6195    4.7414    4.8685    5.0009    5.1385    5.2813
     0.0134    5.2653    5.1225    4.9849    4.8525    4.7254    4.6035    4.4869    4.3755    4.2695    4.1687    4.0732    3.9829    3.8980    3.8184    3.7441    3.5133    3.2870    3.0682    2.8576    2.6578    2.4692    2.2946    2.1362    1.9979    1.8821    1.7918    1.7295    1.6978    1.6978    1.7295    1.7918    1.8821    1.9979    2.1362    2.2946    2.4692    2.6578    2.8576    3.0682    3.2870    3.5133    3.7441    3.8184    3.8980    3.9829    4.0732    4.1687    4.2695    4.3755    4.4869    4.6035    4.7254    4.8525    4.9849    5.1225    5.2653
    -0.0134    5.2653    5.1225    4.9849    4.8525    4.7254    4.6035    4.4869    4.3755    4.2695    4.1687    4.0732    3.9829    3.8980    3.8184    3.7441    3.5133    3.2870    3.0682    2.8576    2.6578    2.4692    2.2946    2.1362    1.9979    1.8821    1.7918    1.7295    1.6978    1.6978    1.7295    1.7918    1.8821    1.9979    2.1362    2.2946    2.4692    2.6578    2.8576    3.0682    3.2870    3.5133    3.7441    3.8184    3.8980    3.9829    4.0732    4.1687    4.2695    4.3755    4.4869    4.6035    4.7254    4.8525    4.9849    5.1225    5.2653
    -0.0401    5.2813    5.1385    5.0009    4.8685    4.7414    4.6195    4.5029    4.3915    4.2855    4.1846    4.0891    3.9989    3.9140    3.8344    3.7398    3.5082    3.2824    3.0637    2.8534    2.6533    2.4650    2.2911    2.1330    1.9946    1.8788    1.7884    1.7262    1.6945    1.6945    1.7262    1.7884    1.8788    1.9946    2.1330    2.2911    2.4650    2.6533    2.8534    3.0637    3.2824    3.5082    3.7398    3.8344    3.9140    3.9989    4.0891    4.1846    4.2855    4.3915    4.5029    4.6195    4.7414    4.8685    5.0009    5.1385    5.2813
    -0.0669    5.3134    5.1706    5.0330    4.9006    4.7734    4.6515    4.5349    4.4235    4.3174    4.2166    4.1211    4.0309    3.9460    3.8663    3.7285    3.4975    3.2723    3.0538    2.8444    2.6449    2.4571    2.2833    2.1256    1.9875    1.8717    1.7810    1.7189    1.6872    1.6872    1.7189    1.7810    1.8717    1.9875    2.1256    2.2833    2.4571    2.6449    2.8444    3.0538    3.2723    3.4975    3.7285    3.8663    3.9460    4.0309    4.1211    4.2166    4.3174    4.4235    4.5349    4.6515    4.7734    4.9006    5.0330    5.1706    5.3134
    -0.0937    5.3615    5.2186    5.0810    4.9486    4.8214    4.6995    4.5829    4.4715    4.3654    4.2646    4.1690    4.0788    3.9939    3.9142    3.7090    3.4796    3.2559    3.0394    2.8310    2.6320    2.4450    2.2718    2.1143    1.9764    1.8605    1.7702    1.7080    1.6760    1.6760    1.7080    1.7702    1.8605    1.9764    2.1143    2.2718    2.4450    2.6320    2.8310    3.0394    3.2559    3.4796    3.7090    3.9142    3.9939    4.0788    4.1690    4.2646    4.3654    4.4715    4.5829    4.6995    4.8214    4.9486    5.0810    5.2186    5.3615
    -0.1204    5.4255    5.2826    5.1450    5.0125    4.8854    4.7634    4.6468    4.5354    4.4293    4.3285    4.2329    4.1427    4.0577    3.9142    3.6821    3.4549    3.2334    3.0184    2.8110    2.6136    2.4274    2.2549    2.0980    1.9603    1.8445    1.7539    1.6916    1.6604    1.6604    1.6916    1.7539    1.8445    1.9603    2.0980    2.2549    2.4274    2.6136    2.8110    3.0184    3.2334    3.4549    3.6821    3.9142    4.0577    4.1427    4.2329    4.3285    4.4293    4.5354    4.6468    4.7634    4.8854    5.0125    5.1450    5.2826    5.4255
    -0.1472    5.5054    5.3625    5.2248    5.0924    4.9652    4.8433    4.7266    4.6152    4.5091    4.4082    4.3127    4.2224    4.1079    3.8754    3.6464    3.4217    3.2022    2.9893    2.7838    2.5878    2.4030    2.2314    2.0751    1.9377    1.8222    1.7316    1.6691    1.6370    1.6370    1.6691    1.7316    1.8222    1.9377    2.0751    2.2314    2.4030    2.5878    2.7838    2.9893    3.2022    3.4217    3.6464    3.8754    4.1079    4.2224    4.3127    4.4082    4.5091    4.6152    4.7266    4.8433    4.9652    5.0924    5.2248    5.3625    5.5054
    -0.1739    5.6011    5.4582    5.3205    5.1881    5.0609    4.9390    4.8223    4.7109    4.6048    4.5039    4.4084    4.2843    4.0532    3.8251    3.5994    3.3781    3.1619    2.9510    2.7480    2.5538    2.3705    2.1996    2.0443    1.9072    1.7918    1.7008    1.6382    1.6064    1.6064    1.6382    1.7008    1.7918    1.9072    2.0443    2.1996    2.3705    2.5538    2.7480    2.9510    3.1619    3.3781    3.5994    3.8251    4.0532    4.2843    4.4084    4.5039    4.6048    4.7109    4.8223    4.9390    5.0609    5.1881    5.3205    5.4582    5.6011
    -0.2007    5.7126    5.5697    5.4320    5.2996    5.1724    5.0505    4.9338    4.8224    4.7163    4.6155    4.4378    4.2102    3.9845    3.7608    3.5397    3.3225    3.1094    2.9019    2.7016    2.5098    2.3282    2.1588    2.0042    1.8672    1.7517    1.6610    1.5981    1.5659    1.5659    1.5981    1.6610    1.7517    1.8672    2.0042    2.1588    2.3282    2.5098    2.7016    2.9019    3.1094    3.3225    3.5397    3.7608    3.9845    4.2102    4.4378    4.6155    4.7163    4.8224    4.9338    5.0505    5.1724    5.2996    5.4320    5.5697    5.7126
    -0.2275    5.8399    5.6970    5.5594    5.4270    5.2998    5.1779    5.0612    4.9498    4.7851    4.5629    4.3409    4.1195    3.8989    3.6812    3.4652    3.2525    3.0434    2.8404    2.6434    2.4541    2.2748    2.1066    1.9523    1.8161    1.7006    1.6096    1.5464    1.5141    1.5141    1.5464    1.6096    1.7006    1.8161    1.9523    2.1066    2.2748    2.4541    2.6434    2.8404    3.0434    3.2525    3.4652    3.6812    3.8989    4.1195    4.3409    4.5629    4.7851    4.9498    5.0612    5.1779    5.2998    5.4270    5.5594    5.6970    5.8399
    -0.2542    5.9828    5.8400    5.7024    5.5701    5.4429    5.2948    5.0822    4.8683    4.6535    4.4386    4.2240    4.0097    3.7966    3.5843    3.3745    3.1673    2.9633    2.7643    2.5710    2.3847    2.2074    2.0412    1.8880    1.7522    1.6364    1.5447    1.4810    1.4482    1.4482    1.4810    1.5447    1.6364    1.7522    1.8880    2.0412    2.2074    2.3847    2.5710    2.7643    2.9633    3.1673    3.3745    3.5843    3.7966    4.0097    4.2240    4.4386    4.6535    4.8683    5.0823    5.2948    5.4429    5.5701    5.7024    5.8400    5.9828
    -0.2810    6.1050    5.9124    5.7162    5.5177    5.3166    5.1147    4.9107    4.7061    4.5004    4.2941    4.0875    3.8805    3.6745    3.4695    3.2657    3.0644    2.8667    2.6718    2.4824    2.2997    2.1251    1.9608    1.8091    1.6729    1.5570    1.4647    1.4001    1.3667    1.3667    1.4001    1.4647    1.5570    1.6729    1.8091    1.9608    2.1251    2.2997    2.4824    2.6718    2.8667    3.0644    3.2657    3.4695    3.6745    3.8805    4.0875    4.2941    4.5004    4.7061    4.9107    5.1146    5.3166    5.5177    5.7162    5.9124    6.1050
    -0.3077    5.8536    5.6692    5.4829    5.2943    5.1030    4.9103    4.7164    4.5205    4.3238    4.1264    3.9284    3.7303    3.5327    3.3351    3.1386    2.9439    2.7512    2.5624    2.3772    2.1981    2.0264    1.8636    1.7128    1.5771    1.4603    1.3668    1.3011    1.2670    1.2670    1.3011    1.3668    1.4603    1.5771    1.7128    1.8636    2.0263    2.1981    2.3772    2.5624    2.7512    2.9439    3.1386    3.3351    3.5327    3.7303    3.9284    4.1264    4.3238    4.5205    4.7164    4.9103    5.1030    5.2943    5.4829    5.6695    5.8535
    -0.3345    5.5810    5.4057    5.2280    5.0485    4.8673    4.6841    4.4996    4.3131    4.1259    3.9379    3.7489    3.5595    3.3706    3.1810    2.9920    2.8043    2.6184    2.4353    2.2555    2.0804    1.9115    1.7507    1.6006    1.4640    1.3458    1.2504    1.1827    1.1476    1.1476    1.1827    1.2504    1.3458    1.4640    1.6006    1.7507    1.9115    2.0804    2.2555    2.4353    2.6184    2.8043    2.9920    3.1810    3.3706    3.5595    3.7489    3.9379    4.1259    4.3131    4.4996    4.6841    4.8673    5.0485    5.2280    5.4057    5.5810
    -0.3613    5.2903    5.1230    4.9542    4.7834    4.6111    4.4372    4.2620    4.0860    3.9078    3.7293    3.5500    3.3702    3.1893    3.0079    2.8274    2.6474    2.4686    2.2913    2.1169    1.9461    1.7804    1.6212    1.4716    1.3341    1.2133    1.1147    1.0441    1.0070    1.0070    1.0441    1.1147    1.2133    1.3341    1.4716    1.6212    1.7804    1.9461    2.1169    2.2913    2.4686    2.6474    2.8274    3.0079    3.1893    3.3702    3.5500    3.7293    3.9078    4.0860    4.2620    4.4372    4.6111    4.7834    4.9542    5.1230    5.2903
    -0.3880    4.9839    4.8244    4.6639    4.5018    4.3384    4.1731    4.0072    3.8401    3.6721    3.5031    3.3330    3.1620    2.9904    2.8186    2.6465    2.4746    2.3032    2.1328    1.9640    1.7977    1.6352    1.4780    1.3281    1.1884    1.0640    0.9600    0.8844    0.8441    0.8441    0.8844    0.9600    1.0640    1.1884    1.3281    1.4780    1.6352    1.7977    1.9640    2.1328    2.3032    2.4746    2.6465    2.8186    2.9904    3.1620    3.3330    3.5031    3.6721    3.8401    4.0072    4.1731    4.3384    4.5018    4.6639    4.8244    4.9839
    -0.4148    4.6657    4.5140    4.3610    4.2067    4.0517    3.8957    3.7387    3.5809    3.4221    3.2626    3.1014    2.9406    2.7782    2.6156    2.4525    2.2890    2.1258    1.9626    1.8001    1.6392    1.4802    1.3246    1.1742    1.0319    0.9015    0.7895    0.7050    0.6589    0.6589    0.7050    0.7895    0.9015    1.0319    1.1742    1.3246    1.4802    1.6392    1.8001    1.9626    2.1258    2.2890    2.4525    2.6156    2.7782    2.9406    3.1014    3.2626    3.4221    3.5809    3.7387    3.8957    4.0517    4.2067    4.3610    4.5140    4.6657
    -0.4415    4.3388    4.1943    4.0487    3.9030    3.7562    3.6087    3.4604    3.3117    3.1623    3.0123    2.8617    2.7096    2.5575    2.4044    2.2508    2.0966    1.9420    1.7870    1.6317    1.4768    1.3224    1.1696    1.0192    0.8732    0.7347    0.6103    0.5108    0.4526    0.4526    0.5108    0.6103    0.7347    0.8732    1.0192    1.1696    1.3224    1.4768    1.6317    1.7870    1.9420    2.0966    2.2508    2.4044    2.5575    2.7096    2.8617    3.0123    3.1623    3.3117    3.4604    3.6087    3.7562    3.9030    4.0487    4.1943    4.3388
    -0.4683    4.0076    3.8698    3.7320    3.5937    3.4552    3.3164    3.1770    3.0370    2.8976    2.7578    2.6172    2.4757    2.3337    2.1911    2.0484    1.9045    1.7598    1.6144    1.4683    1.3215    1.1740    1.0262    0.8780    0.7303    0.5846    0.4450    0.3184    0.2298    0.2298    0.3184    0.4450    0.5846    0.7303    0.8780    1.0262    1.1740    1.3215    1.4683    1.6144    1.7598    1.9045    2.0484    2.1911    2.3337    2.4757    2.6172    2.7578    2.8976    3.0370    3.1770    3.3164    3.4552    3.5937    3.7320    3.8698    4.0076
    -0.4950    3.6754    3.5453    3.4147    3.2846    3.1545    3.0243    2.8941    2.7645    2.6351    2.5056    2.3758    2.2462    2.1159    1.9850    1.8540    1.7225    1.5905    1.4576    1.3234    1.1889    1.0531    0.9162    0.7784    0.6391    0.4991    0.3577    0.2166    0.0108    0.0108    0.2166    0.3577    0.4991    0.6391    0.7784    0.9162    1.0531    1.1889    1.3234    1.4576    1.5905    1.7225    1.8540    1.9850    2.1159    2.2462    2.3758    2.5056    2.6351    2.7645    2.8941    3.0243    3.1545    3.2846    3.4147    3.5453    3.6754
    -0.5218    3.3480    3.2250    3.1026    2.9806    2.8591    2.7387    2.6186    2.4998    2.3817    2.2642    2.1466    2.0297    1.9133    1.7969    1.6801    1.5640    1.4480    1.3319    1.2159    1.0997    0.9836    0.8681    0.7536    0.6410    0.5328    0.4326    0.3493    0.2992    0.2992    0.3493    0.4326    0.5328    0.6410    0.7536    0.8681    0.9836    1.0997    1.2159    1.3319    1.4480    1.5640    1.6801    1.7969    1.9133    2.0296    2.1466    2.2642    2.3817    2.4998    2.6186    2.7387    2.8591    2.9806    3.1026    3.2250    3.3480
    -0.5486    3.0298    2.9148    2.8008    2.6885    2.5770    2.4671    2.3589    2.2517    2.1464    2.0421    1.9390    1.8375    1.7376    1.6390    1.5414    1.4449    1.3501    1.2566    1.1647    1.0749    0.9877    0.9037    0.8236    0.7498    0.6840    0.6299    0.5906    0.5692    0.5692    0.5906    0.6299    0.6840    0.7498    0.8236    0.9037    0.9877    1.0749    1.1647    1.2566    1.3501    1.4449    1.5414    1.6390    1.7376    1.8375    1.9390    2.0421    2.1464    2.2517    2.3589    2.4671    2.5770    2.6885    2.8008    2.9148    3.0298
    -0.5753    2.7264    2.6205    2.5168    2.4151    2.3155    2.2182    2.1231    2.0301    1.9399    1.8519    1.7668    1.6842    1.6043    1.5271    1.4528    1.3813    1.3124    1.2470    1.1852    1.1267    1.0724    1.0228    0.9779    0.9391    0.9066    0.8817    0.8644    0.8560    0.8560    0.8644    0.8817    0.9066    0.9391    0.9779    1.0228    1.0724    1.1267    1.1852    1.2470    1.3124    1.3813    1.4528    1.5271    1.6043    1.6842    1.7668    1.8519    1.9399    2.0301    2.1231    2.2182    2.3155    2.4151    2.5168    2.6205    2.7264
    -0.6021    2.4441    2.3494    2.2579    2.1689    2.0832    2.0009    1.9219    1.8465    1.7749    1.7067    1.6429    1.5831    1.5273    1.4755    1.4281    1.3848    1.3458    1.3105    1.2797    1.2525    1.2290    1.2092    1.1925    1.1793    1.1692    1.1615    1.1565    1.1543    1.1543    1.1565    1.1615    1.1692    1.1793    1.1925    1.2092    1.2290    1.2525    1.2797    1.3105    1.3458    1.3848    1.4281    1.4755    1.5273    1.5831    1.6429    1.7067    1.7749    1.8465    1.9219    2.0009    2.0832    2.1689    2.2579    2.3494    2.4441
    -0.6288    2.1916    2.1103    2.0332    1.9602    1.8916    1.8272    1.7676    1.7134    1.6635    1.6191    1.5798    1.5458    1.5170    1.4932    1.4741    1.4598    1.4497    1.4434    1.4399    1.4393    1.4408    1.4435    1.4480    1.4524    1.4566    1.4602    1.4628    1.4642    1.4642    1.4628    1.4602    1.4566    1.4524    1.4480    1.4435    1.4408    1.4393    1.4399    1.4434    1.4497    1.4598    1.4741    1.4932    1.5170    1.5458    1.5798    1.6191    1.6635    1.7134    1.7676    1.8272    1.8916    1.9602    2.0332    2.1103    2.1916
    -0.6556    1.9779    1.9139    1.8542    1.8003    1.7518    1.7089    1.6724    1.6419    1.6170    1.5984    1.5858    1.5788    1.5773    1.5807    1.5887    1.6005    1.6155    1.6334    1.6527    1.6727    1.6932    1.7132    1.7320    1.7487    1.7628    1.7740    1.7816    1.7854    1.7854    1.7816    1.7740    1.7628    1.7487    1.7320    1.7132    1.6932    1.6727    1.6527    1.6334    1.6155    1.6005    1.5887    1.5807    1.5773    1.5788    1.5858    1.5984    1.6170    1.6419    1.6724    1.7089    1.7518    1.8003    1.8542    1.9139    1.9779
    -0.6824    1.8141    1.7698    1.7317    1.6997    1.6746    1.6562    1.6451    1.6400    1.6412    1.6488    1.6618    1.6804    1.7039    1.7315    1.7625    1.7962    1.8317    1.8689    1.9059    1.9421    1.9760    2.0083    2.0378    2.0633    2.0845    2.1008    2.1120    2.1179    2.1179    2.1120    2.1008    2.0845    2.0633    2.0378    2.0083    1.9760    1.9421    1.9059    1.8689    1.8317    1.7962    1.7625    1.7315    1.7039    1.6804    1.6618    1.6488    1.6412    1.6400    1.6451    1.6562    1.6746    1.6997    1.7317    1.7698    1.8141
    -0.7091    1.7101    1.6890    1.6748    1.6677    1.6673    1.6742    1.6881    1.7078    1.7340    1.7655    1.8026    1.8434    1.8880    1.9357    1.9853    2.0367    2.0880    2.1394    2.1895    2.2377    2.2825    2.3236    2.3607    2.3930    2.4195    2.4398    2.4537    2.4608    2.4608    2.4537    2.4398    2.4195    2.3930    2.3607    2.3236    2.2825    2.2377    2.1895    2.1394    2.0880    2.0367    1.9853    1.9357    1.8880    1.8434    1.8026    1.7655    1.7340    1.7078    1.6881    1.6742    1.6673    1.6677    1.6748    1.6890    1.7101
    -0.7359    1.6742    1.6780    1.6889    1.7066    1.7312    1.7618    1.7991    1.8415    1.8896    1.9418    1.9978    2.0570    2.1189    2.1820    2.2463    2.3110    2.3750    2.4374    2.4975    2.5545    2.6078    2.6560    2.6989    2.7359    2.7664    2.7896    2.8056    2.8135    2.8135    2.8056    2.7896    2.7664    2.7359    2.6989    2.6560    2.6078    2.5545    2.4975    2.4374    2.3750    2.3110    2.2463    2.1820    2.1189    2.0570    1.9978    1.9418    1.8896    1.8415    1.7991    1.7618    1.7312    1.7066    1.6889    1.6780    1.6742
