 #   points  energy
  0.088576   0.26806554794E+01
  0.177152   0.26806373596E+01
  0.265728   0.26806561947E+01
  0.354305   0.26806399822E+01
  0.442881   0.26806559563E+01
  0.531457   0.26806399822E+01
  0.620033   0.26806564331E+01
  0.708609   0.26806399822E+01
  0.797185   0.26806581020E+01
  0.885761   0.26806392670E+01
  0.974337   0.26806581020E+01
  1.062914   0.26806392670E+01
  1.151490   0.26806552410E+01
  1.240066   0.26806390285E+01
  1.328642   0.26806576252E+01
  1.417218   0.26806371212E+01
  1.505794   0.26806559563E+01
  1.594370   0.26806366444E+01
  1.682946   0.26806585789E+01
  1.771523   0.26806373596E+01
  1.860099   0.26806559563E+01
  1.948675   0.26806383133E+01
  2.037251   0.26806561947E+01
  2.125827   0.26806385517E+01
  2.214403   0.26806583405E+01
  2.302979   0.26806397438E+01
  2.391555   0.26806590557E+01
  2.480132   0.26806392670E+01
  2.568708   0.26806576252E+01
  2.657284   0.26806418896E+01
  2.745860   0.26806588173E+01
  2.834436   0.26806414127E+01
  2.923012   0.26806585789E+01
  3.011588   0.26806385517E+01
  3.100164   0.26806571484E+01
  3.188741   0.26806409359E+01
  3.277317   0.26806569099E+01
  3.365893   0.26806392670E+01
  3.454469   0.26806533337E+01
  3.543045   0.26806418896E+01
  3.631621   0.26806571484E+01
  3.720197   0.26806395054E+01
  3.808773   0.26806545258E+01
  3.897350   0.26806399822E+01
  3.985926   0.26806483269E+01
  4.074502   0.26806325912E+01
  4.163078   0.26806409359E+01
  4.251654   0.26806292534E+01
  4.340230   0.26806337833E+01
  4.428806   0.26806161404E+01
  4.517383   0.26806187630E+01
  4.605959   0.26805970669E+01
  4.694535   0.26805903912E+01
  4.783111   0.26805598736E+01
  4.871687   0.26805455685E+01
  4.960263   0.26805055141E+01
  5.048839   0.26804687977E+01
  5.137415   0.26804096699E+01
  5.225992   0.26803462505E+01
  5.314568   0.26802539825E+01
  5.403144   0.26801366806E+01
  5.491720   0.26799869537E+01
  5.580296   0.26797945499E+01
  5.668873   0.26795439720E+01
  5.757449   0.26792232990E+01
  5.846025   0.26788132191E+01
  5.934601   0.26782763004E+01
  6.023177   0.26775891781E+01
  6.111753   0.26766998768E+01
  6.200329   0.26755611897E+01
  6.288905   0.26740753651E+01
  6.377482   0.26721889973E+01
  6.466058   0.26697185040E+01
  6.554634   0.26665723324E+01
  6.643210   0.26624710560E+01
  6.731786   0.26572322845E+01
  6.820362   0.26504166126E+01
  6.908938   0.26416912079E+01
  6.997514   0.26303458214E+01
  7.086091   0.26157925129E+01
  7.174667   0.25968956947E+01
  7.263243   0.25726156235E+01
  7.351819   0.25411112309E+01
  7.440395   0.25005693436E+01
  7.528971   0.24479868412E+01
  7.617547   0.23803007603E+01
  7.706123   0.22925484180E+01
  7.794700   0.21797230244E+01
  7.883276   0.20333781242E+01
  7.971852   0.18495661020E+01
  8.060428   0.16266922951E+01
  8.149004   0.13338943720E+01
  8.237580   0.94070410728E+00
  8.326156   0.42795506120E+00
  8.414732  -0.28665205836E+00
  8.503309  -0.12602909803E+01
  8.591885  -0.24839951992E+01
  8.680461  -0.38837349415E+01
  8.769037  -0.54194588661E+01
  8.857613  -0.71455774307E+01
  8.946189  -0.90520343781E+01
  9.034765  -0.11036908150E+02
  9.123341  -0.12952161789E+02
  9.211918  -0.14650573730E+02
  9.300494  -0.16008501053E+02
  9.389070  -0.16938013077E+02
  9.477646  -0.17384920120E+02
  9.566222  -0.17329633713E+02
  9.654798  -0.16783422470E+02
  9.743374  -0.15790413857E+02
  9.831950  -0.14424734116E+02
  9.920527  -0.12787861824E+02
 10.009103  -0.10993103981E+02
 10.097679  -0.91459922791E+01
 10.186255  -0.73189392090E+01
 10.274831  -0.55835299492E+01
 10.363407  -0.40877280235E+01
 10.451983  -0.29572105408E+01
 10.540559  -0.22184622288E+01
 10.629136  -0.17967947721E+01
 10.717712  -0.16472181082E+01
 10.806288  -0.17964465618E+01
 10.894864  -0.22177863121E+01
 10.983440  -0.29560918808E+01
 11.072016  -0.40861330032E+01
 11.160592  -0.55815606117E+01
 11.249168  -0.73167877197E+01
 11.337745  -0.91437721252E+01
 11.426321  -0.10990902901E+02
 11.514897  -0.12785780907E+02
 11.603473  -0.14422913551E+02
 11.692049  -0.15788990974E+02
 11.780625  -0.16782493591E+02
 11.869201  -0.17329278946E+02
 11.957777  -0.17385152817E+02
 12.046353  -0.16938842773E+02
 12.134930  -0.16009878159E+02
 12.223506  -0.14652433395E+02
 12.312082  -0.12954362869E+02
 12.400658  -0.11039276123E+02
 12.489234  -0.90544185638E+01
 12.577810  -0.71477742195E+01
 12.666387  -0.54214134216E+01
 12.754963  -0.38854906559E+01
 12.843539  -0.24855909348E+01
 12.932115  -0.12616212368E+01
 13.020691  -0.28766453266E+00
 13.109267   0.42723432183E+00
 13.197843   0.94016760588E+00
 13.286419   0.13334811926E+01
 13.374995   0.16263903379E+01
 13.463571   0.18493226767E+01
 13.552148   0.20331749916E+01
 13.640724   0.21795675755E+01
 13.729300   0.22924263477E+01
 13.817876   0.23802051544E+01
 13.906452   0.24479143620E+01
 13.995029   0.25005135536E+01
 14.083605   0.25410642624E+01
 14.172181   0.25725812912E+01
 14.260757   0.25968699455E+01
 14.349333   0.26157732010E+01
 14.437909   0.26303303242E+01
 14.526485   0.26416747570E+01
 14.615061   0.26504058838E+01
 14.703637   0.26572260857E+01
 14.792213   0.26624658108E+01
 14.880789   0.26665673256E+01
 14.969365   0.26697149277E+01
 15.057942   0.26721818447E+01
 15.146518   0.26740736961E+01
 15.235094   0.26755566597E+01
 15.323671   0.26766943932E+01
 15.412247   0.26775894165E+01
 15.500823   0.26782779694E+01
 15.589399   0.26788117886E+01
 15.677975   0.26792211533E+01
 15.766551   0.26795418262E+01
 15.855127   0.26797924042E+01
 15.943703   0.26799857616E+01
 16.032279   0.26801354885E+01
 16.120855   0.26802496910E+01
 16.209431   0.26803450584E+01
 16.298007   0.26804082394E+01
 16.386583   0.26804707050E+01
 16.475160   0.26805050373E+01
 16.563736   0.26805450916E+01
 16.652313   0.26805613041E+01
 16.740889   0.26805901527E+01
 16.829465   0.26805946827E+01
 16.918041   0.26806185246E+01
 17.006617   0.26806161404E+01
 17.095193   0.26806321144E+01
 17.183769   0.26806273460E+01
 17.272345   0.26806437969E+01
 17.360921   0.26806316376E+01
 17.449497   0.26806478500E+01
 17.538073   0.26806371212E+01
 17.626649   0.26806535721E+01
 17.715225   0.26806395054E+01
 17.803801   0.26806535721E+01
 17.892378   0.26806411743E+01
 17.980955   0.26806583405E+01
 18.069531   0.26806399822E+01
 18.158107   0.26806559563E+01
 18.246683   0.26806380749E+01
 18.335259   0.26806566715E+01
 18.423835   0.26806397438E+01
 18.512411   0.26806557178E+01
 18.600987   0.26806390285E+01
 18.689563   0.26806595325E+01
 18.778139   0.26806406975E+01
 18.866715   0.26806545258E+01
 18.955291   0.26806392670E+01
 19.043867   0.26806585789E+01
 19.132443   0.26806368828E+01
 19.221019   0.26806573868E+01
 19.309597   0.26806395054E+01
 19.398173   0.26806588173E+01
 19.486749   0.26806397438E+01
 19.575325   0.26806552410E+01
 19.663901   0.26806397438E+01
 19.752477   0.26806564331E+01
 19.841053   0.26806390285E+01
 19.929629   0.26806581020E+01
 20.018205   0.26806373596E+01
 20.106781   0.26806581020E+01
 20.195357   0.26806373596E+01
 20.283933   0.26806571484E+01
 20.372509   0.26806373596E+01
 20.461085   0.26806585789E+01
 20.549661   0.26806364059E+01
 20.638239   0.26806583405E+01
 20.726815   0.26806366444E+01
 20.815391   0.26806550026E+01
 20.903967   0.26806371212E+01
 20.992543   0.26806542873E+01
 21.081119   0.26806375980E+01
 21.169695   0.26806547642E+01
 21.258271   0.26806380749E+01
