  16   16
   1   1
    44.775082876919996    -0.000000000000000    -0.000000000000000
    -0.000000000000000    44.775082876919996    -0.000000000000000
    -0.000000000000000    -0.000000000000000    44.775082876919996
   1   2
     2.833734330860000     0.000000000000000     0.000000000000000
     0.000000000000000    -3.322204164800000    -3.343331994240000
     0.000000000000000    -3.343331994240000    -3.322204164800000
   1   3
    -3.322204164800000    -0.000000000000000    -3.343331994240000
    -0.000000000000000     2.833734330860000     0.000000000000000
    -3.343331994240000     0.000000000000000    -3.322204164800000
   1   4
    -3.322204164800000     3.343331994240000    -0.000000000000000
     3.343331994240000    -3.322204164800000    -0.000000000000000
    -0.000000000000000    -0.000000000000000     2.833734330860000
   1   5
    -3.322204164800000    -3.343331994240000    -0.000000000000000
    -3.343331994240000    -3.322204164800000    -0.000000000000000
    -0.000000000000000    -0.000000000000000     2.833734330860000
   1   6
    -3.322204164800000     0.000000000000000     3.343331994240000
     0.000000000000000     2.833734330860000     0.000000000000000
     3.343331994240000     0.000000000000000    -3.322204164800000
   1   7
     2.833734330860000    -0.000000000000000     0.000000000000000
    -0.000000000000000    -3.322204164800000     3.343331994240000
     0.000000000000000     3.343331994240000    -3.322204164800000
   1   8
    -0.486559844720000    -0.000000000000000    -0.000000000000000
    -0.000000000000000    -0.486559844720000     0.000000000000000
    -0.000000000000000     0.000000000000000    -0.486559844720000
   1   9
    -9.662107940859999    -2.740947193880000    -2.740947193880000
    -2.740947193880000    -9.662107940859999    -2.740947193880000
    -2.740947193880000    -2.740947193880000    -9.662107940859999
   1  10
    -9.662107940859999     2.740947193880000     2.740947193880000
     2.740947193880000    -9.662107940859999    -2.740947193880000
     2.740947193880000    -2.740947193880000    -9.662107940859999
   1  11
    -9.662107940859999     2.740947193880000    -2.740947193880000
     2.740947193880000    -9.662107940859999     2.740947193880000
    -2.740947193880000     2.740947193880000    -9.662107940859999
   1  12
     0.495314302290000    -0.192510986790000     0.192510986790000
    -0.192510986790000     0.495314302290000     0.192510986790000
     0.192510986790000     0.192510986790000     0.495314302290000
   1  13
    -9.662107940859999    -2.740947193880000     2.740947193880000
    -2.740947193880000    -9.662107940859999     2.740947193880000
     2.740947193880000     2.740947193880000    -9.662107940859999
   1  14
     0.495314302290000     0.192510986790000    -0.192510986790000
     0.192510986790000     0.495314302290000     0.192510986790000
    -0.192510986790000     0.192510986790000     0.495314302290000
   1  15
     0.495314302290000     0.192510986790000     0.192510986790000
     0.192510986790000     0.495314302290000    -0.192510986790000
     0.192510986790000    -0.192510986790000     0.495314302290000
   1  16
     0.495314302290000    -0.192510986790000    -0.192510986790000
    -0.192510986790000     0.495314302290000    -0.192510986790000
    -0.192510986790000    -0.192510986790000     0.495314302290000
   2   1
     2.833734330860000     0.000000000000000     0.000000000000000
     0.000000000000000    -3.322204164800000    -3.343331994240000
     0.000000000000000    -3.343331994240000    -3.322204164800000
   2   2
    44.775082876919996    -0.000000000000000    -0.000000000000000
    -0.000000000000000    44.775082876919996    -0.000000000000000
    -0.000000000000000    -0.000000000000000    44.775082876919996
   2   3
    -3.322204164800000     3.343331994240000    -0.000000000000000
     3.343331994240000    -3.322204164800000    -0.000000000000000
    -0.000000000000000    -0.000000000000000     2.833734330860000
   2   4
    -3.322204164800000    -0.000000000000000    -3.343331994240000
    -0.000000000000000     2.833734330860000     0.000000000000000
    -3.343331994240000     0.000000000000000    -3.322204164800000
   2   5
    -3.322204164800000     0.000000000000000     3.343331994240000
     0.000000000000000     2.833734330860000     0.000000000000000
     3.343331994240000     0.000000000000000    -3.322204164800000
   2   6
    -3.322204164800000    -3.343331994240000    -0.000000000000000
    -3.343331994240000    -3.322204164800000    -0.000000000000000
    -0.000000000000000    -0.000000000000000     2.833734330860000
   2   7
    -0.486559844720000    -0.000000000000000    -0.000000000000000
    -0.000000000000000    -0.486559844720000     0.000000000000000
    -0.000000000000000     0.000000000000000    -0.486559844720000
   2   8
     2.833734330860000    -0.000000000000000     0.000000000000000
    -0.000000000000000    -3.322204164800000     3.343331994240000
     0.000000000000000     3.343331994240000    -3.322204164800000
   2   9
    -9.662107940859999     2.740947193880000     2.740947193880000
     2.740947193880000    -9.662107940859999    -2.740947193880000
     2.740947193880000    -2.740947193880000    -9.662107940859999
   2  10
    -9.662107940859999    -2.740947193880000    -2.740947193880000
    -2.740947193880000    -9.662107940859999    -2.740947193880000
    -2.740947193880000    -2.740947193880000    -9.662107940859999
   2  11
     0.495314302290000    -0.192510986790000     0.192510986790000
    -0.192510986790000     0.495314302290000     0.192510986790000
     0.192510986790000     0.192510986790000     0.495314302290000
   2  12
    -9.662107940859999     2.740947193880000    -2.740947193880000
     2.740947193880000    -9.662107940859999     2.740947193880000
    -2.740947193880000     2.740947193880000    -9.662107940859999
   2  13
     0.495314302290000     0.192510986790000    -0.192510986790000
     0.192510986790000     0.495314302290000     0.192510986790000
    -0.192510986790000     0.192510986790000     0.495314302290000
   2  14
    -9.662107940859999    -2.740947193880000     2.740947193880000
    -2.740947193880000    -9.662107940859999     2.740947193880000
     2.740947193880000     2.740947193880000    -9.662107940859999
   2  15
     0.495314302290000    -0.192510986790000    -0.192510986790000
    -0.192510986790000     0.495314302290000    -0.192510986790000
    -0.192510986790000    -0.192510986790000     0.495314302290000
   2  16
     0.495314302290000     0.192510986790000     0.192510986790000
     0.192510986790000     0.495314302290000    -0.192510986790000
     0.192510986790000    -0.192510986790000     0.495314302290000
   3   1
    -3.322204164800000    -0.000000000000000    -3.343331994240000
    -0.000000000000000     2.833734330860000     0.000000000000000
    -3.343331994240000     0.000000000000000    -3.322204164800000
   3   2
    -3.322204164800000     3.343331994240000    -0.000000000000000
     3.343331994240000    -3.322204164800000    -0.000000000000000
    -0.000000000000000    -0.000000000000000     2.833734330860000
   3   3
    44.775082876919996    -0.000000000000000    -0.000000000000000
    -0.000000000000000    44.775082876919996    -0.000000000000000
    -0.000000000000000    -0.000000000000000    44.775082876919996
   3   4
     2.833734330860000     0.000000000000000     0.000000000000000
     0.000000000000000    -3.322204164800000    -3.343331994240000
     0.000000000000000    -3.343331994240000    -3.322204164800000
   3   5
     2.833734330860000    -0.000000000000000     0.000000000000000
    -0.000000000000000    -3.322204164800000     3.343331994240000
     0.000000000000000     3.343331994240000    -3.322204164800000
   3   6
    -0.486559844720000    -0.000000000000000    -0.000000000000000
    -0.000000000000000    -0.486559844720000     0.000000000000000
    -0.000000000000000     0.000000000000000    -0.486559844720000
   3   7
    -3.322204164800000    -3.343331994240000    -0.000000000000000
    -3.343331994240000    -3.322204164800000    -0.000000000000000
    -0.000000000000000    -0.000000000000000     2.833734330860000
   3   8
    -3.322204164800000     0.000000000000000     3.343331994240000
     0.000000000000000     2.833734330860000     0.000000000000000
     3.343331994240000     0.000000000000000    -3.322204164800000
   3   9
    -9.662107940859999     2.740947193880000    -2.740947193880000
     2.740947193880000    -9.662107940859999     2.740947193880000
    -2.740947193880000     2.740947193880000    -9.662107940859999
   3  10
     0.495314302290000    -0.192510986790000     0.192510986790000
    -0.192510986790000     0.495314302290000     0.192510986790000
     0.192510986790000     0.192510986790000     0.495314302290000
   3  11
    -9.662107940859999    -2.740947193880000    -2.740947193880000
    -2.740947193880000    -9.662107940859999    -2.740947193880000
    -2.740947193880000    -2.740947193880000    -9.662107940859999
   3  12
    -9.662107940859999     2.740947193880000     2.740947193880000
     2.740947193880000    -9.662107940859999    -2.740947193880000
     2.740947193880000    -2.740947193880000    -9.662107940859999
   3  13
     0.495314302290000     0.192510986790000     0.192510986790000
     0.192510986790000     0.495314302290000    -0.192510986790000
     0.192510986790000    -0.192510986790000     0.495314302290000
   3  14
     0.495314302290000    -0.192510986790000    -0.192510986790000
    -0.192510986790000     0.495314302290000    -0.192510986790000
    -0.192510986790000    -0.192510986790000     0.495314302290000
   3  15
    -9.662107940859999    -2.740947193880000     2.740947193880000
    -2.740947193880000    -9.662107940859999     2.740947193880000
     2.740947193880000     2.740947193880000    -9.662107940859999
   3  16
     0.495314302290000     0.192510986790000    -0.192510986790000
     0.192510986790000     0.495314302290000     0.192510986790000
    -0.192510986790000     0.192510986790000     0.495314302290000
   4   1
    -3.322204164800000     3.343331994240000    -0.000000000000000
     3.343331994240000    -3.322204164800000    -0.000000000000000
    -0.000000000000000    -0.000000000000000     2.833734330860000
   4   2
    -3.322204164800000    -0.000000000000000    -3.343331994240000
    -0.000000000000000     2.833734330860000     0.000000000000000
    -3.343331994240000     0.000000000000000    -3.322204164800000
   4   3
     2.833734330860000     0.000000000000000     0.000000000000000
     0.000000000000000    -3.322204164800000    -3.343331994240000
     0.000000000000000    -3.343331994240000    -3.322204164800000
   4   4
    44.775082876919996    -0.000000000000000    -0.000000000000000
    -0.000000000000000    44.775082876919996    -0.000000000000000
    -0.000000000000000    -0.000000000000000    44.775082876919996
   4   5
    -0.486559844720000    -0.000000000000000    -0.000000000000000
    -0.000000000000000    -0.486559844720000     0.000000000000000
    -0.000000000000000     0.000000000000000    -0.486559844720000
   4   6
     2.833734330860000    -0.000000000000000     0.000000000000000
    -0.000000000000000    -3.322204164800000     3.343331994240000
     0.000000000000000     3.343331994240000    -3.322204164800000
   4   7
    -3.322204164800000     0.000000000000000     3.343331994240000
     0.000000000000000     2.833734330860000     0.000000000000000
     3.343331994240000     0.000000000000000    -3.322204164800000
   4   8
    -3.322204164800000    -3.343331994240000    -0.000000000000000
    -3.343331994240000    -3.322204164800000    -0.000000000000000
    -0.000000000000000    -0.000000000000000     2.833734330860000
   4   9
     0.495314302290000    -0.192510986790000     0.192510986790000
    -0.192510986790000     0.495314302290000     0.192510986790000
     0.192510986790000     0.192510986790000     0.495314302290000
   4  10
    -9.662107940859999     2.740947193880000    -2.740947193880000
     2.740947193880000    -9.662107940859999     2.740947193880000
    -2.740947193880000     2.740947193880000    -9.662107940859999
   4  11
    -9.662107940859999     2.740947193880000     2.740947193880000
     2.740947193880000    -9.662107940859999    -2.740947193880000
     2.740947193880000    -2.740947193880000    -9.662107940859999
   4  12
    -9.662107940859999    -2.740947193880000    -2.740947193880000
    -2.740947193880000    -9.662107940859999    -2.740947193880000
    -2.740947193880000    -2.740947193880000    -9.662107940859999
   4  13
     0.495314302290000    -0.192510986790000    -0.192510986790000
    -0.192510986790000     0.495314302290000    -0.192510986790000
    -0.192510986790000    -0.192510986790000     0.495314302290000
   4  14
     0.495314302290000     0.192510986790000     0.192510986790000
     0.192510986790000     0.495314302290000    -0.192510986790000
     0.192510986790000    -0.192510986790000     0.495314302290000
   4  15
     0.495314302290000     0.192510986790000    -0.192510986790000
     0.192510986790000     0.495314302290000     0.192510986790000
    -0.192510986790000     0.192510986790000     0.495314302290000
   4  16
    -9.662107940859999    -2.740947193880000     2.740947193880000
    -2.740947193880000    -9.662107940859999     2.740947193880000
     2.740947193880000     2.740947193880000    -9.662107940859999
   5   1
    -3.322204164800000    -3.343331994240000    -0.000000000000000
    -3.343331994240000    -3.322204164800000    -0.000000000000000
    -0.000000000000000    -0.000000000000000     2.833734330860000
   5   2
    -3.322204164800000     0.000000000000000     3.343331994240000
     0.000000000000000     2.833734330860000     0.000000000000000
     3.343331994240000     0.000000000000000    -3.322204164800000
   5   3
     2.833734330860000    -0.000000000000000     0.000000000000000
    -0.000000000000000    -3.322204164800000     3.343331994240000
     0.000000000000000     3.343331994240000    -3.322204164800000
   5   4
    -0.486559844720000    -0.000000000000000    -0.000000000000000
    -0.000000000000000    -0.486559844720000     0.000000000000000
    -0.000000000000000     0.000000000000000    -0.486559844720000
   5   5
    44.775082876919996    -0.000000000000000    -0.000000000000000
    -0.000000000000000    44.775082876919996    -0.000000000000000
    -0.000000000000000    -0.000000000000000    44.775082876919996
   5   6
     2.833734330860000     0.000000000000000     0.000000000000000
     0.000000000000000    -3.322204164800000    -3.343331994240000
     0.000000000000000    -3.343331994240000    -3.322204164800000
   5   7
    -3.322204164800000    -0.000000000000000    -3.343331994240000
    -0.000000000000000     2.833734330860000     0.000000000000000
    -3.343331994240000     0.000000000000000    -3.322204164800000
   5   8
    -3.322204164800000     3.343331994240000    -0.000000000000000
     3.343331994240000    -3.322204164800000    -0.000000000000000
    -0.000000000000000    -0.000000000000000     2.833734330860000
   5   9
    -9.662107940859999    -2.740947193880000     2.740947193880000
    -2.740947193880000    -9.662107940859999     2.740947193880000
     2.740947193880000     2.740947193880000    -9.662107940859999
   5  10
     0.495314302290000     0.192510986790000    -0.192510986790000
     0.192510986790000     0.495314302290000     0.192510986790000
    -0.192510986790000     0.192510986790000     0.495314302290000
   5  11
     0.495314302290000     0.192510986790000     0.192510986790000
     0.192510986790000     0.495314302290000    -0.192510986790000
     0.192510986790000    -0.192510986790000     0.495314302290000
   5  12
     0.495314302290000    -0.192510986790000    -0.192510986790000
    -0.192510986790000     0.495314302290000    -0.192510986790000
    -0.192510986790000    -0.192510986790000     0.495314302290000
   5  13
    -9.662107940859999    -2.740947193880000    -2.740947193880000
    -2.740947193880000    -9.662107940859999    -2.740947193880000
    -2.740947193880000    -2.740947193880000    -9.662107940859999
   5  14
    -9.662107940859999     2.740947193880000     2.740947193880000
     2.740947193880000    -9.662107940859999    -2.740947193880000
     2.740947193880000    -2.740947193880000    -9.662107940859999
   5  15
    -9.662107940859999     2.740947193880000    -2.740947193880000
     2.740947193880000    -9.662107940859999     2.740947193880000
    -2.740947193880000     2.740947193880000    -9.662107940859999
   5  16
     0.495314302290000    -0.192510986790000     0.192510986790000
    -0.192510986790000     0.495314302290000     0.192510986790000
     0.192510986790000     0.192510986790000     0.495314302290000
   6   1
    -3.322204164800000     0.000000000000000     3.343331994240000
     0.000000000000000     2.833734330860000     0.000000000000000
     3.343331994240000     0.000000000000000    -3.322204164800000
   6   2
    -3.322204164800000    -3.343331994240000    -0.000000000000000
    -3.343331994240000    -3.322204164800000    -0.000000000000000
    -0.000000000000000    -0.000000000000000     2.833734330860000
   6   3
    -0.486559844720000    -0.000000000000000    -0.000000000000000
    -0.000000000000000    -0.486559844720000     0.000000000000000
    -0.000000000000000     0.000000000000000    -0.486559844720000
   6   4
     2.833734330860000    -0.000000000000000     0.000000000000000
    -0.000000000000000    -3.322204164800000     3.343331994240000
     0.000000000000000     3.343331994240000    -3.322204164800000
   6   5
     2.833734330860000     0.000000000000000     0.000000000000000
     0.000000000000000    -3.322204164800000    -3.343331994240000
     0.000000000000000    -3.343331994240000    -3.322204164800000
   6   6
    44.775082876919996    -0.000000000000000    -0.000000000000000
    -0.000000000000000    44.775082876919996    -0.000000000000000
    -0.000000000000000    -0.000000000000000    44.775082876919996
   6   7
    -3.322204164800000     3.343331994240000    -0.000000000000000
     3.343331994240000    -3.322204164800000    -0.000000000000000
    -0.000000000000000    -0.000000000000000     2.833734330860000
   6   8
    -3.322204164800000    -0.000000000000000    -3.343331994240000
    -0.000000000000000     2.833734330860000     0.000000000000000
    -3.343331994240000     0.000000000000000    -3.322204164800000
   6   9
     0.495314302290000     0.192510986790000    -0.192510986790000
     0.192510986790000     0.495314302290000     0.192510986790000
    -0.192510986790000     0.192510986790000     0.495314302290000
   6  10
    -9.662107940859999    -2.740947193880000     2.740947193880000
    -2.740947193880000    -9.662107940859999     2.740947193880000
     2.740947193880000     2.740947193880000    -9.662107940859999
   6  11
     0.495314302290000    -0.192510986790000    -0.192510986790000
    -0.192510986790000     0.495314302290000    -0.192510986790000
    -0.192510986790000    -0.192510986790000     0.495314302290000
   6  12
     0.495314302290000     0.192510986790000     0.192510986790000
     0.192510986790000     0.495314302290000    -0.192510986790000
     0.192510986790000    -0.192510986790000     0.495314302290000
   6  13
    -9.662107940859999     2.740947193880000     2.740947193880000
     2.740947193880000    -9.662107940859999    -2.740947193880000
     2.740947193880000    -2.740947193880000    -9.662107940859999
   6  14
    -9.662107940859999    -2.740947193880000    -2.740947193880000
    -2.740947193880000    -9.662107940859999    -2.740947193880000
    -2.740947193880000    -2.740947193880000    -9.662107940859999
   6  15
     0.495314302290000    -0.192510986790000     0.192510986790000
    -0.192510986790000     0.495314302290000     0.192510986790000
     0.192510986790000     0.192510986790000     0.495314302290000
   6  16
    -9.662107940859999     2.740947193880000    -2.740947193880000
     2.740947193880000    -9.662107940859999     2.740947193880000
    -2.740947193880000     2.740947193880000    -9.662107940859999
   7   1
     2.833734330860000    -0.000000000000000     0.000000000000000
    -0.000000000000000    -3.322204164800000     3.343331994240000
     0.000000000000000     3.343331994240000    -3.322204164800000
   7   2
    -0.486559844720000    -0.000000000000000    -0.000000000000000
    -0.000000000000000    -0.486559844720000     0.000000000000000
    -0.000000000000000     0.000000000000000    -0.486559844720000
   7   3
    -3.322204164800000    -3.343331994240000    -0.000000000000000
    -3.343331994240000    -3.322204164800000    -0.000000000000000
    -0.000000000000000    -0.000000000000000     2.833734330860000
   7   4
    -3.322204164800000     0.000000000000000     3.343331994240000
     0.000000000000000     2.833734330860000     0.000000000000000
     3.343331994240000     0.000000000000000    -3.322204164800000
   7   5
    -3.322204164800000    -0.000000000000000    -3.343331994240000
    -0.000000000000000     2.833734330860000     0.000000000000000
    -3.343331994240000     0.000000000000000    -3.322204164800000
   7   6
    -3.322204164800000     3.343331994240000    -0.000000000000000
     3.343331994240000    -3.322204164800000    -0.000000000000000
    -0.000000000000000    -0.000000000000000     2.833734330860000
   7   7
    44.775082876919996    -0.000000000000000    -0.000000000000000
    -0.000000000000000    44.775082876919996    -0.000000000000000
    -0.000000000000000    -0.000000000000000    44.775082876919996
   7   8
     2.833734330860000     0.000000000000000     0.000000000000000
     0.000000000000000    -3.322204164800000    -3.343331994240000
     0.000000000000000    -3.343331994240000    -3.322204164800000
   7   9
     0.495314302290000     0.192510986790000     0.192510986790000
     0.192510986790000     0.495314302290000    -0.192510986790000
     0.192510986790000    -0.192510986790000     0.495314302290000
   7  10
     0.495314302290000    -0.192510986790000    -0.192510986790000
    -0.192510986790000     0.495314302290000    -0.192510986790000
    -0.192510986790000    -0.192510986790000     0.495314302290000
   7  11
    -9.662107940859999    -2.740947193880000     2.740947193880000
    -2.740947193880000    -9.662107940859999     2.740947193880000
     2.740947193880000     2.740947193880000    -9.662107940859999
   7  12
     0.495314302290000     0.192510986790000    -0.192510986790000
     0.192510986790000     0.495314302290000     0.192510986790000
    -0.192510986790000     0.192510986790000     0.495314302290000
   7  13
    -9.662107940859999     2.740947193880000    -2.740947193880000
     2.740947193880000    -9.662107940859999     2.740947193880000
    -2.740947193880000     2.740947193880000    -9.662107940859999
   7  14
     0.495314302290000    -0.192510986790000     0.192510986790000
    -0.192510986790000     0.495314302290000     0.192510986790000
     0.192510986790000     0.192510986790000     0.495314302290000
   7  15
    -9.662107940859999    -2.740947193880000    -2.740947193880000
    -2.740947193880000    -9.662107940859999    -2.740947193880000
    -2.740947193880000    -2.740947193880000    -9.662107940859999
   7  16
    -9.662107940859999     2.740947193880000     2.740947193880000
     2.740947193880000    -9.662107940859999    -2.740947193880000
     2.740947193880000    -2.740947193880000    -9.662107940859999
   8   1
    -0.486559844720000    -0.000000000000000    -0.000000000000000
    -0.000000000000000    -0.486559844720000     0.000000000000000
    -0.000000000000000     0.000000000000000    -0.486559844720000
   8   2
     2.833734330860000    -0.000000000000000     0.000000000000000
    -0.000000000000000    -3.322204164800000     3.343331994240000
     0.000000000000000     3.343331994240000    -3.322204164800000
   8   3
    -3.322204164800000     0.000000000000000     3.343331994240000
     0.000000000000000     2.833734330860000     0.000000000000000
     3.343331994240000     0.000000000000000    -3.322204164800000
   8   4
    -3.322204164800000    -3.343331994240000    -0.000000000000000
    -3.343331994240000    -3.322204164800000    -0.000000000000000
    -0.000000000000000    -0.000000000000000     2.833734330860000
   8   5
    -3.322204164800000     3.343331994240000    -0.000000000000000
     3.343331994240000    -3.322204164800000    -0.000000000000000
    -0.000000000000000    -0.000000000000000     2.833734330860000
   8   6
    -3.322204164800000    -0.000000000000000    -3.343331994240000
    -0.000000000000000     2.833734330860000     0.000000000000000
    -3.343331994240000     0.000000000000000    -3.322204164800000
   8   7
     2.833734330860000     0.000000000000000     0.000000000000000
     0.000000000000000    -3.322204164800000    -3.343331994240000
     0.000000000000000    -3.343331994240000    -3.322204164800000
   8   8
    44.775082876919996    -0.000000000000000    -0.000000000000000
    -0.000000000000000    44.775082876919996    -0.000000000000000
    -0.000000000000000    -0.000000000000000    44.775082876919996
   8   9
     0.495314302290000    -0.192510986790000    -0.192510986790000
    -0.192510986790000     0.495314302290000    -0.192510986790000
    -0.192510986790000    -0.192510986790000     0.495314302290000
   8  10
     0.495314302290000     0.192510986790000     0.192510986790000
     0.192510986790000     0.495314302290000    -0.192510986790000
     0.192510986790000    -0.192510986790000     0.495314302290000
   8  11
     0.495314302290000     0.192510986790000    -0.192510986790000
     0.192510986790000     0.495314302290000     0.192510986790000
    -0.192510986790000     0.192510986790000     0.495314302290000
   8  12
    -9.662107940859999    -2.740947193880000     2.740947193880000
    -2.740947193880000    -9.662107940859999     2.740947193880000
     2.740947193880000     2.740947193880000    -9.662107940859999
   8  13
     0.495314302290000    -0.192510986790000     0.192510986790000
    -0.192510986790000     0.495314302290000     0.192510986790000
     0.192510986790000     0.192510986790000     0.495314302290000
   8  14
    -9.662107940859999     2.740947193880000    -2.740947193880000
     2.740947193880000    -9.662107940859999     2.740947193880000
    -2.740947193880000     2.740947193880000    -9.662107940859999
   8  15
    -9.662107940859999     2.740947193880000     2.740947193880000
     2.740947193880000    -9.662107940859999    -2.740947193880000
     2.740947193880000    -2.740947193880000    -9.662107940859999
   8  16
    -9.662107940859999    -2.740947193880000    -2.740947193880000
    -2.740947193880000    -9.662107940859999    -2.740947193880000
    -2.740947193880000    -2.740947193880000    -9.662107940859999
   9   1
    -9.662107940859999    -2.740947193880000    -2.740947193880000
    -2.740947193880000    -9.662107940859999    -2.740947193880000
    -2.740947193880000    -2.740947193880000    -9.662107940859999
   9   2
    -9.662107940859999     2.740947193880000     2.740947193880000
     2.740947193880000    -9.662107940859999    -2.740947193880000
     2.740947193880000    -2.740947193880000    -9.662107940859999
   9   3
    -9.662107940859999     2.740947193880000    -2.740947193880000
     2.740947193880000    -9.662107940859999     2.740947193880000
    -2.740947193880000     2.740947193880000    -9.662107940859999
   9   4
     0.495314302290000    -0.192510986790000     0.192510986790000
    -0.192510986790000     0.495314302290000     0.192510986790000
     0.192510986790000     0.192510986790000     0.495314302290000
   9   5
    -9.662107940859999    -2.740947193880000     2.740947193880000
    -2.740947193880000    -9.662107940859999     2.740947193880000
     2.740947193880000     2.740947193880000    -9.662107940859999
   9   6
     0.495314302290000     0.192510986790000    -0.192510986790000
     0.192510986790000     0.495314302290000     0.192510986790000
    -0.192510986790000     0.192510986790000     0.495314302290000
   9   7
     0.495314302290000     0.192510986790000     0.192510986790000
     0.192510986790000     0.495314302290000    -0.192510986790000
     0.192510986790000    -0.192510986790000     0.495314302290000
   9   8
     0.495314302290000    -0.192510986790000    -0.192510986790000
    -0.192510986790000     0.495314302290000    -0.192510986790000
    -0.192510986790000    -0.192510986790000     0.495314302290000
   9   9
    44.775082876919996    -0.000000000000000    -0.000000000000000
    -0.000000000000000    44.775082876919996    -0.000000000000000
    -0.000000000000000    -0.000000000000000    44.775082876919996
   9  10
     2.833734330860000     0.000000000000000     0.000000000000000
     0.000000000000000    -3.322204164800000    -3.343331994240000
     0.000000000000000    -3.343331994240000    -3.322204164800000
   9  11
    -3.322204164800000    -0.000000000000000    -3.343331994240000
    -0.000000000000000     2.833734330860000     0.000000000000000
    -3.343331994240000     0.000000000000000    -3.322204164800000
   9  12
    -3.322204164800000     3.343331994240000    -0.000000000000000
     3.343331994240000    -3.322204164800000    -0.000000000000000
    -0.000000000000000    -0.000000000000000     2.833734330860000
   9  13
    -3.322204164800000    -3.343331994240000    -0.000000000000000
    -3.343331994240000    -3.322204164800000    -0.000000000000000
    -0.000000000000000    -0.000000000000000     2.833734330860000
   9  14
    -3.322204164800000     0.000000000000000     3.343331994240000
     0.000000000000000     2.833734330860000     0.000000000000000
     3.343331994240000     0.000000000000000    -3.322204164800000
   9  15
     2.833734330860000    -0.000000000000000     0.000000000000000
    -0.000000000000000    -3.322204164800000     3.343331994240000
     0.000000000000000     3.343331994240000    -3.322204164800000
   9  16
    -0.486559844720000    -0.000000000000000    -0.000000000000000
    -0.000000000000000    -0.486559844720000     0.000000000000000
    -0.000000000000000     0.000000000000000    -0.486559844720000
  10   1
    -9.662107940859999     2.740947193880000     2.740947193880000
     2.740947193880000    -9.662107940859999    -2.740947193880000
     2.740947193880000    -2.740947193880000    -9.662107940859999
  10   2
    -9.662107940859999    -2.740947193880000    -2.740947193880000
    -2.740947193880000    -9.662107940859999    -2.740947193880000
    -2.740947193880000    -2.740947193880000    -9.662107940859999
  10   3
     0.495314302290000    -0.192510986790000     0.192510986790000
    -0.192510986790000     0.495314302290000     0.192510986790000
     0.192510986790000     0.192510986790000     0.495314302290000
  10   4
    -9.662107940859999     2.740947193880000    -2.740947193880000
     2.740947193880000    -9.662107940859999     2.740947193880000
    -2.740947193880000     2.740947193880000    -9.662107940859999
  10   5
     0.495314302290000     0.192510986790000    -0.192510986790000
     0.192510986790000     0.495314302290000     0.192510986790000
    -0.192510986790000     0.192510986790000     0.495314302290000
  10   6
    -9.662107940859999    -2.740947193880000     2.740947193880000
    -2.740947193880000    -9.662107940859999     2.740947193880000
     2.740947193880000     2.740947193880000    -9.662107940859999
  10   7
     0.495314302290000    -0.192510986790000    -0.192510986790000
    -0.192510986790000     0.495314302290000    -0.192510986790000
    -0.192510986790000    -0.192510986790000     0.495314302290000
  10   8
     0.495314302290000     0.192510986790000     0.192510986790000
     0.192510986790000     0.495314302290000    -0.192510986790000
     0.192510986790000    -0.192510986790000     0.495314302290000
  10   9
     2.833734330860000     0.000000000000000     0.000000000000000
     0.000000000000000    -3.322204164800000    -3.343331994240000
     0.000000000000000    -3.343331994240000    -3.322204164800000
  10  10
    44.775082876919996    -0.000000000000000    -0.000000000000000
    -0.000000000000000    44.775082876919996    -0.000000000000000
    -0.000000000000000    -0.000000000000000    44.775082876919996
  10  11
    -3.322204164800000     3.343331994240000    -0.000000000000000
     3.343331994240000    -3.322204164800000    -0.000000000000000
    -0.000000000000000    -0.000000000000000     2.833734330860000
  10  12
    -3.322204164800000    -0.000000000000000    -3.343331994240000
    -0.000000000000000     2.833734330860000     0.000000000000000
    -3.343331994240000     0.000000000000000    -3.322204164800000
  10  13
    -3.322204164800000     0.000000000000000     3.343331994240000
     0.000000000000000     2.833734330860000     0.000000000000000
     3.343331994240000     0.000000000000000    -3.322204164800000
  10  14
    -3.322204164800000    -3.343331994240000    -0.000000000000000
    -3.343331994240000    -3.322204164800000    -0.000000000000000
    -0.000000000000000    -0.000000000000000     2.833734330860000
  10  15
    -0.486559844720000    -0.000000000000000    -0.000000000000000
    -0.000000000000000    -0.486559844720000     0.000000000000000
    -0.000000000000000     0.000000000000000    -0.486559844720000
  10  16
     2.833734330860000    -0.000000000000000     0.000000000000000
    -0.000000000000000    -3.322204164800000     3.343331994240000
     0.000000000000000     3.343331994240000    -3.322204164800000
  11   1
    -9.662107940859999     2.740947193880000    -2.740947193880000
     2.740947193880000    -9.662107940859999     2.740947193880000
    -2.740947193880000     2.740947193880000    -9.662107940859999
  11   2
     0.495314302290000    -0.192510986790000     0.192510986790000
    -0.192510986790000     0.495314302290000     0.192510986790000
     0.192510986790000     0.192510986790000     0.495314302290000
  11   3
    -9.662107940859999    -2.740947193880000    -2.740947193880000
    -2.740947193880000    -9.662107940859999    -2.740947193880000
    -2.740947193880000    -2.740947193880000    -9.662107940859999
  11   4
    -9.662107940859999     2.740947193880000     2.740947193880000
     2.740947193880000    -9.662107940859999    -2.740947193880000
     2.740947193880000    -2.740947193880000    -9.662107940859999
  11   5
     0.495314302290000     0.192510986790000     0.192510986790000
     0.192510986790000     0.495314302290000    -0.192510986790000
     0.192510986790000    -0.192510986790000     0.495314302290000
  11   6
     0.495314302290000    -0.192510986790000    -0.192510986790000
    -0.192510986790000     0.495314302290000    -0.192510986790000
    -0.192510986790000    -0.192510986790000     0.495314302290000
  11   7
    -9.662107940859999    -2.740947193880000     2.740947193880000
    -2.740947193880000    -9.662107940859999     2.740947193880000
     2.740947193880000     2.740947193880000    -9.662107940859999
  11   8
     0.495314302290000     0.192510986790000    -0.192510986790000
     0.192510986790000     0.495314302290000     0.192510986790000
    -0.192510986790000     0.192510986790000     0.495314302290000
  11   9
    -3.322204164800000    -0.000000000000000    -3.343331994240000
    -0.000000000000000     2.833734330860000     0.000000000000000
    -3.343331994240000     0.000000000000000    -3.322204164800000
  11  10
    -3.322204164800000     3.343331994240000    -0.000000000000000
     3.343331994240000    -3.322204164800000    -0.000000000000000
    -0.000000000000000    -0.000000000000000     2.833734330860000
  11  11
    44.775082876919996    -0.000000000000000    -0.000000000000000
    -0.000000000000000    44.775082876919996    -0.000000000000000
    -0.000000000000000    -0.000000000000000    44.775082876919996
  11  12
     2.833734330860000     0.000000000000000     0.000000000000000
     0.000000000000000    -3.322204164800000    -3.343331994240000
     0.000000000000000    -3.343331994240000    -3.322204164800000
  11  13
     2.833734330860000    -0.000000000000000     0.000000000000000
    -0.000000000000000    -3.322204164800000     3.343331994240000
     0.000000000000000     3.343331994240000    -3.322204164800000
  11  14
    -0.486559844720000    -0.000000000000000    -0.000000000000000
    -0.000000000000000    -0.486559844720000     0.000000000000000
    -0.000000000000000     0.000000000000000    -0.486559844720000
  11  15
    -3.322204164800000    -3.343331994240000    -0.000000000000000
    -3.343331994240000    -3.322204164800000    -0.000000000000000
    -0.000000000000000    -0.000000000000000     2.833734330860000
  11  16
    -3.322204164800000     0.000000000000000     3.343331994240000
     0.000000000000000     2.833734330860000     0.000000000000000
     3.343331994240000     0.000000000000000    -3.322204164800000
  12   1
     0.495314302290000    -0.192510986790000     0.192510986790000
    -0.192510986790000     0.495314302290000     0.192510986790000
     0.192510986790000     0.192510986790000     0.495314302290000
  12   2
    -9.662107940859999     2.740947193880000    -2.740947193880000
     2.740947193880000    -9.662107940859999     2.740947193880000
    -2.740947193880000     2.740947193880000    -9.662107940859999
  12   3
    -9.662107940859999     2.740947193880000     2.740947193880000
     2.740947193880000    -9.662107940859999    -2.740947193880000
     2.740947193880000    -2.740947193880000    -9.662107940859999
  12   4
    -9.662107940859999    -2.740947193880000    -2.740947193880000
    -2.740947193880000    -9.662107940859999    -2.740947193880000
    -2.740947193880000    -2.740947193880000    -9.662107940859999
  12   5
     0.495314302290000    -0.192510986790000    -0.192510986790000
    -0.192510986790000     0.495314302290000    -0.192510986790000
    -0.192510986790000    -0.192510986790000     0.495314302290000
  12   6
     0.495314302290000     0.192510986790000     0.192510986790000
     0.192510986790000     0.495314302290000    -0.192510986790000
     0.192510986790000    -0.192510986790000     0.495314302290000
  12   7
     0.495314302290000     0.192510986790000    -0.192510986790000
     0.192510986790000     0.495314302290000     0.192510986790000
    -0.192510986790000     0.192510986790000     0.495314302290000
  12   8
    -9.662107940859999    -2.740947193880000     2.740947193880000
    -2.740947193880000    -9.662107940859999     2.740947193880000
     2.740947193880000     2.740947193880000    -9.662107940859999
  12   9
    -3.322204164800000     3.343331994240000    -0.000000000000000
     3.343331994240000    -3.322204164800000    -0.000000000000000
    -0.000000000000000    -0.000000000000000     2.833734330860000
  12  10
    -3.322204164800000    -0.000000000000000    -3.343331994240000
    -0.000000000000000     2.833734330860000     0.000000000000000
    -3.343331994240000     0.000000000000000    -3.322204164800000
  12  11
     2.833734330860000     0.000000000000000     0.000000000000000
     0.000000000000000    -3.322204164800000    -3.343331994240000
     0.000000000000000    -3.343331994240000    -3.322204164800000
  12  12
    44.775082876919996    -0.000000000000000    -0.000000000000000
    -0.000000000000000    44.775082876919996    -0.000000000000000
    -0.000000000000000    -0.000000000000000    44.775082876919996
  12  13
    -0.486559844720000    -0.000000000000000    -0.000000000000000
    -0.000000000000000    -0.486559844720000     0.000000000000000
    -0.000000000000000     0.000000000000000    -0.486559844720000
  12  14
     2.833734330860000    -0.000000000000000     0.000000000000000
    -0.000000000000000    -3.322204164800000     3.343331994240000
     0.000000000000000     3.343331994240000    -3.322204164800000
  12  15
    -3.322204164800000     0.000000000000000     3.343331994240000
     0.000000000000000     2.833734330860000     0.000000000000000
     3.343331994240000     0.000000000000000    -3.322204164800000
  12  16
    -3.322204164800000    -3.343331994240000    -0.000000000000000
    -3.343331994240000    -3.322204164800000    -0.000000000000000
    -0.000000000000000    -0.000000000000000     2.833734330860000
  13   1
    -9.662107940859999    -2.740947193880000     2.740947193880000
    -2.740947193880000    -9.662107940859999     2.740947193880000
     2.740947193880000     2.740947193880000    -9.662107940859999
  13   2
     0.495314302290000     0.192510986790000    -0.192510986790000
     0.192510986790000     0.495314302290000     0.192510986790000
    -0.192510986790000     0.192510986790000     0.495314302290000
  13   3
     0.495314302290000     0.192510986790000     0.192510986790000
     0.192510986790000     0.495314302290000    -0.192510986790000
     0.192510986790000    -0.192510986790000     0.495314302290000
  13   4
     0.495314302290000    -0.192510986790000    -0.192510986790000
    -0.192510986790000     0.495314302290000    -0.192510986790000
    -0.192510986790000    -0.192510986790000     0.495314302290000
  13   5
    -9.662107940859999    -2.740947193880000    -2.740947193880000
    -2.740947193880000    -9.662107940859999    -2.740947193880000
    -2.740947193880000    -2.740947193880000    -9.662107940859999
  13   6
    -9.662107940859999     2.740947193880000     2.740947193880000
     2.740947193880000    -9.662107940859999    -2.740947193880000
     2.740947193880000    -2.740947193880000    -9.662107940859999
  13   7
    -9.662107940859999     2.740947193880000    -2.740947193880000
     2.740947193880000    -9.662107940859999     2.740947193880000
    -2.740947193880000     2.740947193880000    -9.662107940859999
  13   8
     0.495314302290000    -0.192510986790000     0.192510986790000
    -0.192510986790000     0.495314302290000     0.192510986790000
     0.192510986790000     0.192510986790000     0.495314302290000
  13   9
    -3.322204164800000    -3.343331994240000    -0.000000000000000
    -3.343331994240000    -3.322204164800000    -0.000000000000000
    -0.000000000000000    -0.000000000000000     2.833734330860000
  13  10
    -3.322204164800000     0.000000000000000     3.343331994240000
     0.000000000000000     2.833734330860000     0.000000000000000
     3.343331994240000     0.000000000000000    -3.322204164800000
  13  11
     2.833734330860000    -0.000000000000000     0.000000000000000
    -0.000000000000000    -3.322204164800000     3.343331994240000
     0.000000000000000     3.343331994240000    -3.322204164800000
  13  12
    -0.486559844720000    -0.000000000000000    -0.000000000000000
    -0.000000000000000    -0.486559844720000     0.000000000000000
    -0.000000000000000     0.000000000000000    -0.486559844720000
  13  13
    44.775082876919996    -0.000000000000000    -0.000000000000000
    -0.000000000000000    44.775082876919996    -0.000000000000000
    -0.000000000000000    -0.000000000000000    44.775082876919996
  13  14
     2.833734330860000     0.000000000000000     0.000000000000000
     0.000000000000000    -3.322204164800000    -3.343331994240000
     0.000000000000000    -3.343331994240000    -3.322204164800000
  13  15
    -3.322204164800000    -0.000000000000000    -3.343331994240000
    -0.000000000000000     2.833734330860000     0.000000000000000
    -3.343331994240000     0.000000000000000    -3.322204164800000
  13  16
    -3.322204164800000     3.343331994240000    -0.000000000000000
     3.343331994240000    -3.322204164800000    -0.000000000000000
    -0.000000000000000    -0.000000000000000     2.833734330860000
  14   1
     0.495314302290000     0.192510986790000    -0.192510986790000
     0.192510986790000     0.495314302290000     0.192510986790000
    -0.192510986790000     0.192510986790000     0.495314302290000
  14   2
    -9.662107940859999    -2.740947193880000     2.740947193880000
    -2.740947193880000    -9.662107940859999     2.740947193880000
     2.740947193880000     2.740947193880000    -9.662107940859999
  14   3
     0.495314302290000    -0.192510986790000    -0.192510986790000
    -0.192510986790000     0.495314302290000    -0.192510986790000
    -0.192510986790000    -0.192510986790000     0.495314302290000
  14   4
     0.495314302290000     0.192510986790000     0.192510986790000
     0.192510986790000     0.495314302290000    -0.192510986790000
     0.192510986790000    -0.192510986790000     0.495314302290000
  14   5
    -9.662107940859999     2.740947193880000     2.740947193880000
     2.740947193880000    -9.662107940859999    -2.740947193880000
     2.740947193880000    -2.740947193880000    -9.662107940859999
  14   6
    -9.662107940859999    -2.740947193880000    -2.740947193880000
    -2.740947193880000    -9.662107940859999    -2.740947193880000
    -2.740947193880000    -2.740947193880000    -9.662107940859999
  14   7
     0.495314302290000    -0.192510986790000     0.192510986790000
    -0.192510986790000     0.495314302290000     0.192510986790000
     0.192510986790000     0.192510986790000     0.495314302290000
  14   8
    -9.662107940859999     2.740947193880000    -2.740947193880000
     2.740947193880000    -9.662107940859999     2.740947193880000
    -2.740947193880000     2.740947193880000    -9.662107940859999
  14   9
    -3.322204164800000     0.000000000000000     3.343331994240000
     0.000000000000000     2.833734330860000     0.000000000000000
     3.343331994240000     0.000000000000000    -3.322204164800000
  14  10
    -3.322204164800000    -3.343331994240000    -0.000000000000000
    -3.343331994240000    -3.322204164800000    -0.000000000000000
    -0.000000000000000    -0.000000000000000     2.833734330860000
  14  11
    -0.486559844720000    -0.000000000000000    -0.000000000000000
    -0.000000000000000    -0.486559844720000     0.000000000000000
    -0.000000000000000     0.000000000000000    -0.486559844720000
  14  12
     2.833734330860000    -0.000000000000000     0.000000000000000
    -0.000000000000000    -3.322204164800000     3.343331994240000
     0.000000000000000     3.343331994240000    -3.322204164800000
  14  13
     2.833734330860000     0.000000000000000     0.000000000000000
     0.000000000000000    -3.322204164800000    -3.343331994240000
     0.000000000000000    -3.343331994240000    -3.322204164800000
  14  14
    44.775082876919996    -0.000000000000000    -0.000000000000000
    -0.000000000000000    44.775082876919996    -0.000000000000000
    -0.000000000000000    -0.000000000000000    44.775082876919996
  14  15
    -3.322204164800000     3.343331994240000    -0.000000000000000
     3.343331994240000    -3.322204164800000    -0.000000000000000
    -0.000000000000000    -0.000000000000000     2.833734330860000
  14  16
    -3.322204164800000    -0.000000000000000    -3.343331994240000
    -0.000000000000000     2.833734330860000     0.000000000000000
    -3.343331994240000     0.000000000000000    -3.322204164800000
  15   1
     0.495314302290000     0.192510986790000     0.192510986790000
     0.192510986790000     0.495314302290000    -0.192510986790000
     0.192510986790000    -0.192510986790000     0.495314302290000
  15   2
     0.495314302290000    -0.192510986790000    -0.192510986790000
    -0.192510986790000     0.495314302290000    -0.192510986790000
    -0.192510986790000    -0.192510986790000     0.495314302290000
  15   3
    -9.662107940859999    -2.740947193880000     2.740947193880000
    -2.740947193880000    -9.662107940859999     2.740947193880000
     2.740947193880000     2.740947193880000    -9.662107940859999
  15   4
     0.495314302290000     0.192510986790000    -0.192510986790000
     0.192510986790000     0.495314302290000     0.192510986790000
    -0.192510986790000     0.192510986790000     0.495314302290000
  15   5
    -9.662107940859999     2.740947193880000    -2.740947193880000
     2.740947193880000    -9.662107940859999     2.740947193880000
    -2.740947193880000     2.740947193880000    -9.662107940859999
  15   6
     0.495314302290000    -0.192510986790000     0.192510986790000
    -0.192510986790000     0.495314302290000     0.192510986790000
     0.192510986790000     0.192510986790000     0.495314302290000
  15   7
    -9.662107940859999    -2.740947193880000    -2.740947193880000
    -2.740947193880000    -9.662107940859999    -2.740947193880000
    -2.740947193880000    -2.740947193880000    -9.662107940859999
  15   8
    -9.662107940859999     2.740947193880000     2.740947193880000
     2.740947193880000    -9.662107940859999    -2.740947193880000
     2.740947193880000    -2.740947193880000    -9.662107940859999
  15   9
     2.833734330860000    -0.000000000000000     0.000000000000000
    -0.000000000000000    -3.322204164800000     3.343331994240000
     0.000000000000000     3.343331994240000    -3.322204164800000
  15  10
    -0.486559844720000    -0.000000000000000    -0.000000000000000
    -0.000000000000000    -0.486559844720000     0.000000000000000
    -0.000000000000000     0.000000000000000    -0.486559844720000
  15  11
    -3.322204164800000    -3.343331994240000    -0.000000000000000
    -3.343331994240000    -3.322204164800000    -0.000000000000000
    -0.000000000000000    -0.000000000000000     2.833734330860000
  15  12
    -3.322204164800000     0.000000000000000     3.343331994240000
     0.000000000000000     2.833734330860000     0.000000000000000
     3.343331994240000     0.000000000000000    -3.322204164800000
  15  13
    -3.322204164800000    -0.000000000000000    -3.343331994240000
    -0.000000000000000     2.833734330860000     0.000000000000000
    -3.343331994240000     0.000000000000000    -3.322204164800000
  15  14
    -3.322204164800000     3.343331994240000    -0.000000000000000
     3.343331994240000    -3.322204164800000    -0.000000000000000
    -0.000000000000000    -0.000000000000000     2.833734330860000
  15  15
    44.775082876919996    -0.000000000000000    -0.000000000000000
    -0.000000000000000    44.775082876919996    -0.000000000000000
    -0.000000000000000    -0.000000000000000    44.775082876919996
  15  16
     2.833734330860000     0.000000000000000     0.000000000000000
     0.000000000000000    -3.322204164800000    -3.343331994240000
     0.000000000000000    -3.343331994240000    -3.322204164800000
  16   1
     0.495314302290000    -0.192510986790000    -0.192510986790000
    -0.192510986790000     0.495314302290000    -0.192510986790000
    -0.192510986790000    -0.192510986790000     0.495314302290000
  16   2
     0.495314302290000     0.192510986790000     0.192510986790000
     0.192510986790000     0.495314302290000    -0.192510986790000
     0.192510986790000    -0.192510986790000     0.495314302290000
  16   3
     0.495314302290000     0.192510986790000    -0.192510986790000
     0.192510986790000     0.495314302290000     0.192510986790000
    -0.192510986790000     0.192510986790000     0.495314302290000
  16   4
    -9.662107940859999    -2.740947193880000     2.740947193880000
    -2.740947193880000    -9.662107940859999     2.740947193880000
     2.740947193880000     2.740947193880000    -9.662107940859999
  16   5
     0.495314302290000    -0.192510986790000     0.192510986790000
    -0.192510986790000     0.495314302290000     0.192510986790000
     0.192510986790000     0.192510986790000     0.495314302290000
  16   6
    -9.662107940859999     2.740947193880000    -2.740947193880000
     2.740947193880000    -9.662107940859999     2.740947193880000
    -2.740947193880000     2.740947193880000    -9.662107940859999
  16   7
    -9.662107940859999     2.740947193880000     2.740947193880000
     2.740947193880000    -9.662107940859999    -2.740947193880000
     2.740947193880000    -2.740947193880000    -9.662107940859999
  16   8
    -9.662107940859999    -2.740947193880000    -2.740947193880000
    -2.740947193880000    -9.662107940859999    -2.740947193880000
    -2.740947193880000    -2.740947193880000    -9.662107940859999
  16   9
    -0.486559844720000    -0.000000000000000    -0.000000000000000
    -0.000000000000000    -0.486559844720000     0.000000000000000
    -0.000000000000000     0.000000000000000    -0.486559844720000
  16  10
     2.833734330860000    -0.000000000000000     0.000000000000000
    -0.000000000000000    -3.322204164800000     3.343331994240000
     0.000000000000000     3.343331994240000    -3.322204164800000
  16  11
    -3.322204164800000     0.000000000000000     3.343331994240000
     0.000000000000000     2.833734330860000     0.000000000000000
     3.343331994240000     0.000000000000000    -3.322204164800000
  16  12
    -3.322204164800000    -3.343331994240000    -0.000000000000000
    -3.343331994240000    -3.322204164800000    -0.000000000000000
    -0.000000000000000    -0.000000000000000     2.833734330860000
  16  13
    -3.322204164800000     3.343331994240000    -0.000000000000000
     3.343331994240000    -3.322204164800000    -0.000000000000000
    -0.000000000000000    -0.000000000000000     2.833734330860000
  16  14
    -3.322204164800000    -0.000000000000000    -3.343331994240000
    -0.000000000000000     2.833734330860000     0.000000000000000
    -3.343331994240000     0.000000000000000    -3.322204164800000
  16  15
     2.833734330860000     0.000000000000000     0.000000000000000
     0.000000000000000    -3.322204164800000    -3.343331994240000
     0.000000000000000    -3.343331994240000    -3.322204164800000
  16  16
    44.775082876919996    -0.000000000000000    -0.000000000000000
    -0.000000000000000    44.775082876919996    -0.000000000000000
    -0.000000000000000    -0.000000000000000    44.775082876919996
