   3  -5   2   5   2   5   3  -5      0.0000    138.8000    138.8000      0.0498      0.0498    138.8000  200     23.4624     23.4624      7.5715
   2   4   1  -4   1   4   2  -4      0.0000    148.6000    148.6000      0.0492      0.0492    148.6000   96     18.2795     18.2795     10.0007
   5   3   4  -4   4   4   5  -3      0.0000     91.4000     91.4000      0.0384      0.0384     91.4000  256     21.5461     21.5461     14.4733
   5   2   4  -3   4  -3   5   2      0.0000     72.7000     72.7000      0.0038      0.0038     72.7000  184     18.6895     18.6895     16.8903
   5   4   3  -5   3   5   5  -4      0.0000    112.2000    112.2000      0.0023      0.0023    112.2000  296     24.0735     24.0735     18.9785
   4   2   3  -3   3   3   4  -2      0.0000     86.4000     86.4000      0.0368      0.0368     86.4000  144     16.1729     16.1729     19.4315
   4  -4   2   5   2   5   4  -4      0.0000    126.1000    126.1000      0.0410      0.0410    126.1000  224     22.4194     22.4194     20.2594
   5   3   3  -4   3   4   5  -3      0.0000     98.9000     98.9000      0.0482      0.0482     98.9000  232     20.6352     20.6352     22.0082
   4   3   2  -4   2   4   4  -3      0.0000    114.1000    114.1000      0.0040      0.0040    114.1000  176     18.6913     18.6913     24.5179
   4  -4   1   5   1   5   4  -4      0.0000    134.3000    134.3000      0.0086      0.0086    134.3000  192     22.0544     22.0544     28.4839
   3   1   2  -2   2   2   3  -1      0.0000     76.7000     76.7000      0.0116      0.0116     76.7000   64     10.9166     10.9166     29.1197
   5   0   4   2   4   2   5   0      0.0000     33.5000     33.5000      0.0416      0.0416     33.5000   80     16.2128     16.2128     33.4898
   5   0  -4   2   4   2  -5   0      0.0000    146.5000    146.5000      0.0416      0.0416    146.5000   80     16.2128     16.2128     33.4899
   3   2   1  -3   1   3   3  -2      0.0000    117.3000    117.3000      0.0231      0.0231    117.3000   88     13.3961     13.3961     34.4433
   4   3   1  -4   1   4   4  -3      0.0000    124.1000    124.1000      0.0452      0.0452    124.1000  152     18.2418     18.2418     34.5186
   4   4   0   5   0   5   4   4      0.0000     37.1000     37.1000      0.0027      0.0027     37.1000  160     21.9301     21.9301     37.0786
   5   1   3  -3   3  -3   5   1      0.0000     67.7000     67.7000      0.0387      0.0387     67.7000  144     16.7949     16.7949     38.0977
   5   2   2  -4   2   4   5  -2      0.0000     97.2000     97.2000      0.0002      0.0002     97.2000  192     18.7272     18.7272     41.4082
   4   0   3   2   3   2   4   0      0.0000     41.4000     41.4000      0.0001      0.0001     41.4000   64     13.2408     13.2408     41.4179
   5  -3   1   5   1   5   5  -3      0.0000    119.9000    119.9000      0.0470      0.0470    119.9000  224     21.6404     21.6404     42.9572
   3   2   0  -3   0   3   3  -2      0.0000    131.4000    131.4000      0.0077      0.0077    131.4000   72     13.1908     13.1908     48.5821
   3   2   0   3   0   3   3   2      0.0000     48.6000     48.6000      0.0077      0.0077     48.6000   72     13.1908     13.1908     48.5821
   5   2   1  -4   1   4   5  -2      0.0000    107.2000    107.2000      0.0490      0.0490    107.2000  176     18.2777     18.2777     51.4089
   5   3   0   5   0   5   5   3      0.0000     51.6000     51.6000      0.0357      0.0357     51.6000  200     21.5160     21.5160     51.5519
   5   0   3   3   3   3   5   0      0.0000     52.9000     52.9000      0.0048      0.0048     52.9000  120     16.5101     16.5101     52.9213
   5   0  -3   3   3   3  -5   0      0.0000    127.1000    127.1000      0.0048      0.0048    127.1000  120     16.5101     16.5101     52.9214
   4   3   1   4   1   4   4   3      0.0000     34.5000     34.5000      0.0452      0.0452     34.5000  104     18.2418     18.2418     55.9158
   4   1   1  -3   1   3   4  -1      0.0000     94.2000     94.2000      0.0287      0.0287     94.2000  104     13.7481     13.7481     57.5562
   5   3   1   5   1   5   5   3      0.0000     43.0000     43.0000      0.0470      0.0470     43.0000  176     21.6404     21.6404     60.1466
   3   2   1   3   1   3   3   2      0.0000     34.4000     34.4000      0.0231      0.0231     34.4000   56     13.3961     13.3961     62.7209
   5   1   1  -4   1   4   5  -1      0.0000     94.1000     94.1000      0.0406      0.0406     94.1000  168     17.4749     17.4749     64.4778
   5   1   3   3   3   3   5   1      0.0000     38.1000     38.1000      0.0387      0.0387     38.1000   96     16.7949     16.7949     67.7450
   5   2   1   4   1   4   5   2      0.0000     51.4000     51.4000      0.0490      0.0490     51.4000  144     18.2777     18.2777     72.8061
   5   1   0   4   0   4   5   1      0.0000     75.2000     75.2000      0.0231      0.0231     75.2000  160     17.3199     17.3199     75.1764
   4   0   1   3   1   3   4   0      0.0000     75.9000     75.9000      0.0232      0.0232     75.9000   96     13.3952     13.3952     75.8612
   4   0  -1   3   1   3  -4   0      0.0000    104.1000    104.1000      0.0232      0.0232    104.1000   96     13.3952     13.3952     75.8612
   5   2   2   4   2   4   5   2      0.0000     41.4000     41.4000      0.0002      0.0002     41.4000  128     18.7272     18.7272     82.8068
   4   1   1   3   1   3   4   1      0.0000     57.6000     57.6000      0.0287      0.0287     57.6000   88     13.7481     13.7481     85.8338
   5   1   1   4   1   4   5   1      0.0000     64.5000     64.5000      0.0406      0.0406     64.5000  152     17.4749     17.4749     85.8750
   4   0   0   3   0   3   4   0      0.0000     90.0000     90.0000      0.0076      0.0076     90.0000   96     13.1900     13.1900     90.0000
