   5   4   1   2   2   2   0   1    3.814771   40.900000   37.100000    0.029473    0.024445   79.100000    0.000000   11.144302*****
   4   4   1  -1   3   0   0   1    0.000000   90.000000   90.000000    0.005970    0.024445   30.000000    0.000000    9.900447*****
   3   5   1  -1   3   1   0  -1    0.388458  113.400000  113.800000    0.008933    0.024445    6.600000    0.000000   10.804818*****
   4  -2   2   1   3   2   0   1    0.524547   49.100000   48.600000    0.013972    0.024445   70.900000    0.000000   13.149831*****
   4  -2   3   1   3   2   2   0    3.204731   38.200000   41.400000    0.013972    0.013844   81.800000    0.000000   13.149831*****
   5   4   4   1   2   2   0   2    1.869904   35.200000   37.100000    0.029473    0.015575   84.800000    0.000000   11.144302*****
   5   4   1   3   2   2   2   0    1.134587   51.800000   52.900000    0.029473    0.013844   68.200000    0.000000   11.144302*****
   5   3   3   4   2   2   0   2    0.232487   37.300000   37.100000    0.020566    0.015575   82.700000    0.000000   10.868315*****
   5   3   2  -1   2   2   2   0    2.772004   55.700000   52.900000    0.020566    0.013844   64.300000    0.000000   10.868315*****
   5  -2   3   1   4   2   2   0    1.718845   35.200000   33.500000    0.029705    0.013844   84.800000    0.000000   15.643273*****
   4   3   1  -2   0   2   2   0    3.004492   87.000000   90.000000    0.015575    0.013844   33.000000    0.000000    8.828752*****
   5   4   2   4   2   2   0   2    3.814771   40.900000   37.100000    0.029473    0.024445   79.100000    0.000000   11.144302*****
   4  -5   2   1   5   2   0   1    1.562996   63.700000   62.100000    0.028851    0.024445   56.300000    0.000000   18.999462*****
   5   2   5  -1   2   2   0   3    4.717123   32.400000   37.100000    0.020566    0.044621   87.600000    0.000000   10.868315*****
   5   2   5  -1   2   2   4   1    2.254849   32.400000   34.600000    0.020566    0.014880   87.600000    0.000000   10.868315*****
   4   1   3  -3   0   2   3   2    4.684172   43.900000   48.600000    0.015575    0.032153   76.100000    0.000000    8.828752*****
   4   4   2  -2   3   0   0   2    0.000000   90.000000   90.000000    0.005970    0.024445   30.000000    0.000000    9.900447*****
   4  -4   3   1   3   3   2   0    3.814771   49.100000   52.900000    0.037345    0.013844   70.900000    0.000000   16.783500*****
   3   5   2  -2   3   1   0  -2    0.388458  113.400000  113.800000    0.008933    0.024445    6.600000    0.000000   10.804818*****
   5   4   4   0   2   2   3   0    3.814771   49.100000   52.900000    0.029473    0.005970   70.900000    0.000000   11.144302*****
   5   2   3  -2   3   1   3  -1    0.776916   46.800000   47.600000    0.008933    0.008933   73.200000    0.000000   10.804818*****
   4   2   4  -2   0   2   3   2    0.524547   49.100000   48.600000    0.024445    0.013972   70.900000    0.000000    8.654223*****
   4   0   2  -4   3   0   3   2    0.524547   40.900000   41.400000    0.005970    0.013972   79.100000    0.000000    9.900447*****
   5   4   3  -1   3   1   0   2    3.193826   63.000000   66.200000    0.041103    0.015575   57.000000    0.000000   11.080804*****
   4   3   3  -2   0   2   3   1    3.317021   69.500000   66.200000    0.015575    0.008933   50.500000    0.000000    8.828752*****
   3  -5   1   4   3  -3   0   2    1.393948  144.300000  142.900000    0.047650    0.015575   24.300000    0.000000   16.872087*****
   5   3   4  -1   3   1   3  -1    0.123195   47.500000   47.600000    0.008933    0.041103   72.500000    0.000000   10.804818*****
   5  -1   2   3   0   3   2   0    1.945119   88.100000   90.000000    0.044621    0.013844   31.900000    0.000000   13.439852*****
   5  -2   1   3   2   3  -2   0    0.256307  117.000000  116.700000    0.046310    0.013844    3.000000    0.000000   15.062162*****
   5  -4   3   1   4   3   2   0    0.653301   45.400000   44.800000    0.032690    0.013844   74.600000    0.000000   18.963574*****
   4  -3   3   2   2   3   2   0    2.917592   66.200000   63.300000    0.019996    0.013844   53.800000    0.000000   14.861986*****
   3   1   3  -5   2   0   3   3    4.398439   57.300000   52.900000    0.013844    0.047650   62.700000    0.000000    6.574491*****
   5   1   3  -3   2   2   0   3    3.814771   40.900000   37.100000    0.029473    0.024445   79.100000    0.000000   11.144302*****
   5  -1   1  -4   0   3   2   2    3.079706   40.200000   37.100000    0.044621    0.029473   79.800000    0.000000   13.439852*****
   4  -2   1  -5   3   2   1   3    2.498145   31.900000   34.400000    0.013972    0.013867   88.100000    0.000000   13.149831*****
   4  -2   1  -5   1   3   3   2    2.498145   31.900000   34.400000    0.037020    0.036915   88.100000    0.000000   13.304227*****
   5   1   4  -3   3   1   2   3    3.280726   36.200000   39.500000    0.041103    0.019996   83.800000    0.000000   11.080804*****
   5  -1   1  -4   4   1   3  -1    1.948380   40.200000   42.100000    0.014880    0.041103   79.800000    0.000000   13.842692*****
   5   3   5  -1   3   1   4  -1    3.428341   45.500000   42.100000    0.008933    0.014880   74.500000    0.000000   10.804818*****
   5   2   5  -2   3   1   2   3    0.056222   39.500000   39.500000    0.008933    0.046310   80.500000    0.000000   10.804818*****
   5   1   5  -3   2   2   0   4    4.398439   32.700000   37.100000    0.029473    0.014137   87.300000    0.000000   11.144302*****
   5  -5   3   1   4   4   2   0    3.814771   49.100000   52.900000    0.027187    0.013844   70.900000    0.000000   21.665630*****
   5   3   2  -3   3   1   2  -2    3.549508   73.200000   76.700000    0.008933    0.020566   46.800000    0.000000   10.804818*****
   5   3   2  -3   2   2  -2   2    0.983696   73.200000   74.200000    0.020566    0.020566   46.800000    0.000000   10.868315*****
   5   2   3  -3   2   2   4   0    0.491848   53.400000   52.900000    0.020566    0.032025   66.600000    0.000000   10.868315*****
   5  -3   2   3   1   4  -2   0    0.194779  100.900000  100.700000    0.031670    0.013844   19.100000    0.000000   17.551999*****
   5  -4   4   1   4   3   0   2    4.989802   40.200000   45.200000    0.032690    0.015575   79.800000    0.000000   18.963574*****
   5   4   3  -2   3   1   2  -2    4.203230   72.500000   76.700000    0.041103    0.020566   47.500000    0.000000   11.080804*****
   5   4   3  -2   2   2   3  -1    4.203230   72.500000   76.700000    0.029473    0.008933   47.500000    0.000000   11.144302*****
   5   4   3  -2   2   2  -2   2    1.637417   72.500000   74.200000    0.029473    0.020566   47.500000    0.000000   11.144302*****
   5   3   4  -2   3   1   1   3    3.633858   55.700000   52.100000    0.008933    0.037020   64.300000    0.000000   10.804818*****
   5   3   4  -2   2   2   4   0    2.772004   55.700000   52.900000    0.020566    0.013844   64.300000    0.000000   10.868315*****
   5   3   4  -2   2   2  -1   3    4.475963   55.700000   51.200000    0.020566    0.037020   64.300000    0.000000   10.868315*****
   5   1   2  -4   3   1   1   3    0.272733   51.800000   52.100000    0.041103    0.037020   68.200000    0.000000   11.080804*****
   5   1   2  -4   2   2   4   0    1.134587   51.800000   52.900000    0.029473    0.013844   68.200000    0.000000   11.144302*****
   5   1   2  -4   2   2  -1   3    0.569371   51.800000   51.200000    0.029473    0.037020   68.200000    0.000000   11.144302*****
   5  -2   1   4   4   2   0  -2    1.285647  122.200000  123.500000    0.029705    0.015575    2.200000    0.000000   15.643273*****
   5  -4   3   2   2   4   2   0    2.077836   67.200000   69.300000    0.028659    0.013844   52.800000    0.000000   19.001260*****
   4   3   2  -4   0   2   4   0    3.004492   87.000000   90.000000    0.015575    0.013844   33.000000    0.000000    8.828752*****
   5  -1   2  -5   4   0   4   2    1.459736   34.900000   33.500000    0.037043    0.029705   85.100000    0.000000   13.489852*****
   5   1   4  -4   3   1   5  -1    2.268086   40.900000   38.600000    0.041103    0.001338   79.100000    0.000000   11.080804*****
   5   1   4  -4   2   2   5   1    2.795644   40.900000   38.100000    0.029473    0.001338   79.100000    0.000000   11.144302*****
   5   1   4  -4   2   2   0   4    3.814771   40.900000   37.100000    0.029473    0.024445   79.100000    0.000000   11.144302*****
   5  -1   1  -5   4   0   3   2    0.685508   42.100000   41.400000    0.037043    0.036915   77.900000    0.000000   13.489852*****
   5  -4   1   4   4   3   0  -2    2.351191  132.400000  134.800000    0.032690    0.015575   12.400000    0.000000   18.963574*****
   5   3   3  -3   3   1   3  -2    1.367152   66.600000   65.200000    0.008933    0.032153   53.400000    0.000000   10.804818*****
   5   3   3  -3   3   1   0   3    0.388458   66.600000   66.200000    0.008933    0.024445   53.400000    0.000000   10.804818*****
   5   2   2  -4   3   1   3  -2    0.913005   64.300000   65.200000    0.008933    0.013972   55.700000    0.000000   10.804818*****
   5   2   2  -4   3   1   0   3    1.891698   64.300000   66.200000    0.008933    0.006263   55.700000    0.000000   10.804818*****
   4   4   4  -2   3   0   1   3    3.245400   79.100000   75.900000    0.005970    0.037020   40.900000    0.000000    9.900447*****
   4   4   3  -3   3   0   0   3    0.000000   90.000000   90.000000    0.005970    0.024445   30.000000    0.000000    9.900447*****
   5   1   5  -4   3   1   3   4    0.568313   37.200000   36.700000    0.041103    0.043889   82.800000    0.000000   11.080804*****
   5   4   4  -2   3   1   3  -2    2.993587   68.200000   65.200000    0.041103    0.013972   51.800000    0.000000   11.080804*****
   5   4   4  -2   3   1   0   3    2.014893   68.200000   66.200000    0.041103    0.006263   51.800000    0.000000   11.080804*****
   5   1   1  -5   3   1   3  -2    3.274505   61.900000   65.200000    0.041103    0.036915   58.100000    0.000000   11.080804*****
   5   1   1  -5   3   1   0   3    4.253198   61.900000   66.200000    0.041103    0.044621   58.100000    0.000000   11.080804*****
   5   3   5  -2   3   1   4  -2    4.602668   52.700000   57.300000    0.008933    0.029705   67.300000    0.000000   10.804818*****
   3  -5   2   5   1   4   2  -2    2.577225  134.800000  132.200000    0.031670    0.020566   14.800000    0.000000   17.551999*****
   5   3   2  -4   3   1  -1   3    2.856942   77.500000   80.300000    0.008933    0.037020   42.500000    0.000000   10.804818*****
   5   3   4  -3   2   2  -2   3    1.946053   61.900000   63.800000    0.020566    0.019996   58.100000    0.000000   10.868315*****
   5   2   1  -5   2   2   4  -1    3.238545   74.500000   71.200000    0.020566    0.014880   45.500000    0.000000   10.868315*****
   5   1   2  -5   3   1   4  -2    2.500276   54.800000   57.300000    0.041103    0.029705   65.200000    0.000000   11.080804*****
   4   3   4  -4   0   2   5   1    0.925740   76.100000   75.200000    0.015575    0.001338   43.900000    0.000000    8.828752*****
   4  -4   2   5   5   0  -2   2    0.491848  126.600000  127.100000    0.032508    0.020566    6.600000    0.000000   16.823445*****
   5   4   2  -4   2   2   3  -2    4.339318   90.000000   94.300000    0.029473    0.013972   30.000000    0.000000   11.144302*****
   5   3   1  -5   2   2  -3   2    1.977818   87.600000   85.700000    0.020566    0.036915   32.400000    0.000000   10.868315*****
   5   1   3  -5   2   2   5   0    3.814771   49.100000   52.900000    0.029473    0.042814   70.900000    0.000000   11.144302*****
   5   1   3  -5   2   2  -1   4    1.329367   49.100000   47.800000    0.029473    0.031670   70.900000    0.000000   11.144302*****
   4   2   4  -5   0   2   5   2    1.562996   63.700000   62.100000    0.024445    0.028851   56.300000    0.000000    8.654223*****
   5   4   1  -5   3   1   1  -3    0.495442  100.200000   99.700000    0.041103    0.013867   19.800000    0.000000   11.080804*****
   5  -2   2   5   2   3   2  -2    3.493286  112.700000  116.200000    0.046310    0.020566    7.300000    0.000000   15.062162*****
   5  -4   1   5   2   4  -3  -1    0.935161  135.400000  134.500000    0.028659    0.041103   15.400000    0.000000   19.001260*****
   5   1   5  -5   2   2   0   5    3.814771   40.900000   37.100000    0.029473    0.024445   79.100000    0.000000   11.144302*****
   4  -4   2   5   1   4  -3  -1    2.086478  126.600000  124.500000    0.041976    0.008933    6.600000    0.000000   17.463412*****
   5   4   5  -2   2   2  -2   3    1.390895   65.200000   63.800000    0.029473    0.046310   54.800000    0.000000   11.144302*****
   5   2   5  -4   3   1   2   4    4.243676   49.700000   45.500000    0.008933    0.028659   70.300000    0.000000   10.804818*****
   3   5   3  -5   3   1  -1  -4    2.873863  121.600000  124.500000    0.008933    0.031670    1.600000    0.000000   10.804818*****
   5   2   5  -4   3  -1   5   2    1.951455   49.700000   51.700000    0.008933    0.028851   70.300000    0.000000   10.804818*****
   5   1   5  -5   2  -2  -1  -5    4.779950   40.900000   45.700000    0.029473    0.035736   79.100000    0.000000   11.144302*****
   5   4   3  -4   3   1   2  -3    3.240872   83.800000   87.100000    0.041103    0.019996   36.200000    0.000000   11.080804*****
   5   4   2  -5   3   1  -2   3    0.066973   93.000000   92.900000    0.041103    0.046310   27.000000    0.000000   11.080804*****
   5   2   3  -5   3   1   0   4    4.571882   61.600000   66.200000    0.008933    0.014137   58.400000    0.000000   10.804818*****
   4   4   4  -4   3   0   0   4    0.000000   90.000000   90.000000    0.005970    0.024445   30.000000    0.000000    9.900447*****
   4   4   3  -5   3   0  -1  -4    2.485405   98.200000  100.700000    0.005970    0.031670   21.800000    0.000000    9.900447*****
   4  -4   3   5   5   1  -2   2    1.158227  113.400000  112.300000    0.001338    0.020566    6.600000    0.000000   17.108336*****
   4  -4   3   5   0   4   3  -1    0.388458  113.400000  113.800000    0.024445    0.008933    6.600000    0.000000   17.308446*****
   5  -4   2   5   2  -4   2   2    0.694168  122.900000  122.200000    0.028659    0.020566    2.900000    0.000000   19.001260*****
   5   4   2  -5   2   2  -4   2    0.584257   93.000000   93.600000    0.029473    0.029705   27.000000    0.000000   11.144302*****
   5   3   3  -5   2   2  -3   3    0.642740   74.800000   74.200000    0.020566    0.047650   45.200000    0.000000   10.868315*****
   5   3   3  -5   3   1   3  -3    1.923073   74.800000   76.700000    0.008933    0.047650   45.200000    0.000000   10.804818*****
   5   4   5  -3   2   2  -3   3    3.263852   70.900000   74.200000    0.029473    0.047650   49.100000    0.000000   11.144302*****
   5   4   5  -3   3   1   0   4    4.695077   70.900000   66.200000    0.041103    0.014137   49.100000    0.000000   11.080804*****
   5   4   5  -3   2   2   5  -1    3.148392   70.900000   67.700000    0.029473    0.008972   49.100000    0.000000   11.144302*****
   5   4   4  -4   3   1   3  -3    2.383546   79.100000   76.700000    0.041103    0.037345   40.900000    0.000000   11.080804*****
   5   4   4  -4   2   2  -3   3    4.949359   79.100000   74.200000    0.029473    0.037345   40.900000    0.000000   11.144302*****
   5   3   3  -5   3   1  -1   4    2.096946   74.800000   76.900000    0.008933    0.031670   45.200000    0.000000   10.804818*****
   5   4   4  -4   3  -1  -1  -4    2.209673   79.100000   76.900000    0.041103    0.041976   40.900000    0.000000   11.080804*****
   5   3   5  -4   2   2  -3   4    3.706076   62.900000   66.600000    0.020566    0.043889   57.100000    0.000000   10.868315*****
   5   3   4  -5   3   1   4  -3    1.672781   70.300000   68.600000    0.008933    0.032690   49.700000    0.000000   10.804818*****
   5   2   5  -5   3   1   1   5    4.190372   53.400000   57.600000    0.008933    0.035736   66.600000    0.000000   10.804818*****
   5   3   4  -5   2   2  -3   4    3.634917   70.300000   66.600000    0.020566    0.043889   49.700000    0.000000   10.868315*****
   5  -5   3   5   5   3  -3   1    4.337003  113.400000  117.800000    0.011251    0.008933    6.600000    0.000000   21.251565*****
   5   4   4  -5   3   1  -2   4    4.120481   82.800000   86.900000    0.041103    0.028659   37.200000    0.000000   11.080804*****
   5   4   4  -5   2   2   5  -2    1.963225   82.800000   80.800000    0.029473    0.028851   37.200000    0.000000   11.144302*****
   5   4   4  -5   2   2  -4   3    0.481287   82.800000   82.300000    0.029473    0.032690   37.200000    0.000000   11.144302*****
   5   3   5  -5   3   1   0   5    0.388458   66.600000   66.200000    0.008933    0.024445   53.400000    0.000000   10.804818*****
   5  -5   4   4   0   5   3   0    0.000000   90.000000   90.000000    0.024445    0.005970   30.000000    0.000000   21.635557*****
   5   4   4  -5   3   1   3  -4    1.480849   82.800000   84.300000    0.041103    0.043889   37.200000    0.000000   11.080804*****
   5   4   5  -5   3   1   4  -4    2.383546   79.100000   76.700000    0.041103    0.027187   40.900000    0.000000   11.080804*****
   5   4   5  -5   3   1  -1   5    4.313567   79.100000   74.800000    0.041103    0.035736   40.900000    0.000000   11.080804*****
   5   4   5  -5   2   2  -4   4    4.949359   79.100000   74.200000    0.029473    0.027187   40.900000    0.000000   11.144302*****
