PDF#99-0073: QM=Common(+); d=Calculated; I=(Unknown)
Magnetite
Fe3 O4	
Radiation=CuKa1	Lambda=1.5406	Filter=
Calibration=	2T=18.285-159.305	I/Ic(RIR)=2.61
Ref: Calculated from CSD#73 (mdi-min.csd) by Jade 6.x

Cubic,  Fd-3m(227)	Z=8	mp=
CELL: 8.3969 x 8.3969 x 8.3969 <90.0 x 90.0 x 90.0>	P.S=
Density(c)=5.195	Density(m)=	Mwt=	Vol=592.0	
Ref: Ibid.

Strong Lines: 2.53/X  1.48/4  1.62/3  2.97/3  2.10/2  0.86/2  0.81/2  1.09/1
NOTE: J Solid State Chem 62 (1986) 75-82, Fleet M E, See also PDF 19-629 [Magnetite.csf]

2-Theta    d(?)   I(f)  ( h k l)    Theta  1/(2d)   2pi/d  n^2  
 18.285  4.8480    6.9  ( 1 1 1)    9.142  0.1031  1.2960    3
 30.076  2.9688   28.7  ( 2 2 0)   15.038  0.1684  2.1164    8
 35.426  2.5318  100.0  ( 3 1 1)   17.713  0.1975  2.4817   11
 37.057  2.4240    6.6  ( 2 2 2)   18.528  0.2063  2.5921   12
 43.053  2.0992   21.6  ( 4 0 0)   21.527  0.2382  2.9931   16
 47.139  1.9264    0.6  ( 3 3 1)   23.569  0.2596  3.2617   19
 53.411  1.7140    9.8  ( 4 2 2)   26.705  0.2917  3.6658   24
 56.935  1.6160   31.9  ( 5 1 1)   28.468  0.3094  3.8881   27
 62.520  1.4844   42.8  ( 4 4 0)   31.260  0.3368  4.2329   32
 65.736  1.4193    1.0  ( 5 3 1)   32.868  0.3523  4.4269   35
 70.926  1.3277    3.5  ( 6 2 0)   35.463  0.3766  4.7325   40
 73.960  1.2805    8.8  ( 5 3 3)   36.980  0.3905  4.9068   43
 74.961  1.2659    3.9  ( 6 2 2)   37.481  0.3950  4.9635   44
 78.922  1.2120    2.7  ( 4 4 4)   39.461  0.4125  5.1842   48
 81.856  1.1758    0.5  ( 5 5 1)   40.928  0.4252  5.3437   51
 86.703  1.1221    3.9  ( 6 4 2)   43.352  0.4456  5.5996   56
 89.598  1.0932   14.3  ( 7 3 1)   44.799  0.4574  5.7476   59
 94.424  1.0496    5.5  ( 8 0 0)   47.212  0.4764  5.9862   64
 97.332  1.0258     <1  ( 7 3 3)   48.666  0.4874  6.1249   67
102.226  0.9896    2.1  ( 8 2 2)   51.113  0.5053  6.3493   72
105.204  0.9696    8.9  ( 7 5 1)   52.602  0.5157  6.4802   75
106.206  0.9632    1.9  ( 6 6 2)   53.103  0.5191  6.5233   76
110.268  0.9388    3.8  ( 8 4 0)   55.134  0.5326  6.6928   80
113.385  0.9217    0.3  ( 9 1 1)   56.692  0.5425  6.8171   83
118.754  0.8951    1.2  ( 6 6 4)   59.377  0.5586  7.0194   88
122.110  0.8802    8.2  ( 9 3 1)   61.055  0.5680  7.1381   91
128.003  0.8570   18.8  ( 8 4 4)   64.001  0.5834  7.3316   96
131.774  0.8439    0.3  ( 9 3 3)   65.887  0.5925  7.4452   99
138.620  0.8234    4.9  ( 8 6 2)   69.310  0.6073  7.6309  104
143.210  0.8118   16.3  ( 9 5 1)   71.605  0.6159  7.7402  107
144.851  0.8080    3.8  ( 10 2 2)  72.426  0.6188  7.7763  108
159.305  0.7830    0.9  ( 9 5 3)   79.652  0.6386  8.0244  115
