PDF#99-0030: QM=Common(+); d=Calculated; I=(Unknown)
Chromite
FeCr2O4	
Radiation=CuKa1	Lambda=1.5406	Filter=
Calibration=	2T=18.324-145.624	I/Ic(RIR)=2.36
Ref: Calculated from CSD#30 (mdi-min.csd) by Jade 6.x

Cubic,  Fd3m(227)	Z=8	mp=
CELL: 8.3792 x 8.3792 x 8.3792 <90.0 x 90.0 x 90.0>	P.S=
Density(c)=5.054	Density(m)=	Mwt=	Vol=588.3	
Ref: Ibid.

Strong Lines: 2.53/X  1.48/4  1.61/4  2.96/3  2.09/2  0.81/2  0.86/2  1.09/1
NOTE: Smyth J.R., Bish D.L.
(1988), Crystal structures and cation sites of the rock-forming, minerals.
Boston., See also PDF 34-140 [Chromite.csf]

2-Theta    d(?)   I(f)  ( h k l)    Theta  1/(2d)   2pi/d  n^2  
 18.324  4.8377   12.0  ( 1 1 1)    9.162  0.1034  1.2988    3
 30.141  2.9625   32.4  ( 2 2 0)   15.071  0.1688  2.1209    8
 35.503  2.5264  100.0  ( 3 1 1)   17.752  0.1979  2.4870   11
 37.138  2.4189    5.9  ( 2 2 2)   18.569  0.2067  2.5976   12
 43.149  2.0948   21.1  ( 4 0 0)   21.574  0.2387  2.9994   16
 47.244  1.9223     <1  ( 3 3 1)   23.622  0.2601  3.2685   19
 53.532  1.7104   10.3  ( 4 2 2)   26.766  0.2923  3.6735   24
 57.067  1.6126   35.7  ( 5 1 1)   28.533  0.3101  3.8964   27
 62.667  1.4812   42.5  ( 4 4 0)   31.334  0.3376  4.2418   32
 65.892  1.4163    1.1  ( 5 3 1)   32.946  0.3530  4.4362   35
 66.949  1.3965     <1  ( 4 4 2)   33.474  0.3580  4.4991   36
 71.098  1.3249    3.5  ( 6 2 0)   35.549  0.3774  4.7425   40
 74.143  1.2778    8.9  ( 5 3 3)   37.071  0.3913  4.9171   43
 75.147  1.2632    4.2  ( 6 2 2)   37.574  0.3958  4.9740   44
 79.121  1.2094    2.4  ( 4 4 4)   39.561  0.4134  5.1951   48
 82.066  1.1733    0.8  ( 5 5 1)   41.033  0.4261  5.3550   51
 86.932  1.1197    4.5  ( 6 4 2)   43.466  0.4465  5.6114   56
 89.838  1.0909   13.7  ( 7 3 1)   44.919  0.4583  5.7597   59
 94.686  1.0474    5.2  ( 8 0 0)   47.343  0.4774  5.9988   64
 97.608  1.0237     <1  ( 7 3 3)   48.804  0.4884  6.1378   67
 98.586  1.0161     <1  ( 6 4 4)   49.293  0.4921  6.1835   68
102.527  0.9875    2.4  ( 8 2 2)   51.263  0.5063  6.3627   72
105.522  0.9675    9.2  ( 7 5 1)   52.761  0.5168  6.4939   75
106.529  0.9612    2.3  ( 6 6 2)   53.265  0.5202  6.5371   76
110.616  0.9368    3.2  ( 8 4 0)   55.308  0.5337  6.7069   80
113.754  0.9197    0.5  ( 9 1 1)   56.877  0.5436  6.8315   83
114.817  0.9142     <1  ( 8 4 2)   57.408  0.5469  6.8725   84
119.165  0.8932    1.0  ( 6 6 4)   59.582  0.5598  7.0343   88
122.549  0.8784    9.3  ( 9 3 1)   61.275  0.5692  7.1532   91
128.501  0.8552   17.4  ( 8 4 4)   64.251  0.5847  7.3470   96
132.317  0.8421    0.4  ( 9 3 3)   66.159  0.5937  7.4610   99
139.266  0.8216    5.0  ( 8 6 2)   69.633  0.6085  7.6471  104
143.944  0.8100   18.3  ( 9 5 1)   71.972  0.6172  7.7566  107
145.624  0.8063    5.3  ( 10 2 2)  72.812  0.6201  7.7927  108
