PDF#99-0022: QM=Common(+); d=Calculated; I=(Unknown)
Calcite
Ca C O3	
Radiation=CuKa1	Lambda=1.5406	Filter=
Calibration=	2T=23.055-157.207	I/Ic(RIR)=1.49
Ref: Calculated from CSD#22 (mdi-min.csd) by Jade 6.x

Hexagonal,  R-3c(167)	Z=6	mp=
CELL: 4.989 x 4.989 x 17.062 <90.0 x 90.0 x 120.0>	P.S=
Density(c)=2.711	Density(m)=	Mwt=	Vol=367.8	
Ref: Ibid.

Strong Lines: 3.04/X  1.88/3  2.28/2  1.91/2  2.09/2  3.85/2  0.79/2  1.60/1
NOTE: Acta Cryst 10 (1957) 567-570, Sass R L, Vidale R, Donohue J, See also PDF 5-586 [Calcite.csf]

2-Theta    d(?)   I(f)  ( h k l)    Theta  1/(2d)   2pi/d  n^2  
 23.055  3.8545   18.4  ( 0 1 2)   11.528  0.1297  1.6301     
 29.400  3.0355  100.0  ( 1 0 4)   14.700  0.1647  2.0699     
 31.433  2.8437    2.0  ( 0 0 6)   15.716  0.1758  2.2095     
 35.973  2.4945   12.0  ( 1 1 0)   17.986  0.2004  2.5188     
 39.411  2.2844   24.8  ( 1 1 3)   19.706  0.2189  2.7504     
 43.162  2.0942   21.0  ( 2 0 2)   21.581  0.2388  3.0003     
 47.117  1.9272    6.6  ( 0 2 4)   23.558  0.2594  3.2602     
 47.503  1.9124   21.7  ( 0 1 8)   23.752  0.2614  3.2854     
 48.505  1.8752   29.3  ( 1 1 6)   24.253  0.2666  3.3506     
 56.568  1.6256    4.2  ( 2 1 1)   28.284  0.3076  3.8651     
 57.403  1.6039   13.4  ( 1 2 2)   28.702  0.3117  3.9174     
 58.075  1.5869    1.6  ( 1 0 10)  29.038  0.3151  3.9593     
 60.672  1.5251    6.8  ( 2 1 4)   30.336  0.3278  4.1199     
 60.998  1.5177    3.1  ( 2 0 8)   30.499  0.3294  4.1399     
 61.372  1.5094    3.7  ( 1 1 9)   30.686  0.3313  4.1628     
 63.056  1.4730    2.5  ( 1 2 5)   31.528  0.3394  4.2654     
 64.666  1.4402    8.6  ( 3 0 0)   32.333  0.3472  4.3627     
 65.606  1.4218    4.7  ( 0 0 12)  32.803  0.3517  4.4191     
 69.189  1.3567    1.7  ( 2 1 7)   34.594  0.3685  4.6313     
 70.239  1.3390    3.2  ( 0 2 10)  35.119  0.3734  4.6926     
 72.894  1.2966    3.9  ( 1 2 8)   36.447  0.3856  4.8459     
 73.672  1.2848    0.9  ( 0 3 6)   36.836  0.3892  4.8903     
 76.280  1.2473    1.6  ( 2 2 0)   38.140  0.4009  5.0376     
 77.155  1.2353    2.8  ( 1 1 12)  38.578  0.4048  5.0865     
 78.434  1.2183    0.1  ( 2 2 3)   39.217  0.4104  5.1573     
 80.239  1.1954     <1  ( 1 3 1)   40.119  0.4183  5.2562     
 80.949  1.1867    0.9  ( 3 1 2)   40.475  0.4213  5.2948     
 81.524  1.1797    3.7  ( 2 1 10)  40.762  0.4238  5.3259     
 82.098  1.1729    0.5  ( 0 1 14)  41.049  0.4263  5.3568     
 83.777  1.1537    6.6  ( 1 3 4)   41.889  0.4334  5.4463     
 84.811  1.1422    3.5  ( 2 2 6)   42.406  0.4377  5.5009     
 85.888  1.1306     <1  ( 3 1 5)   42.944  0.4422  5.5572     
 86.457  1.1246    0.7  ( 1 2 11)  43.229  0.4446  5.5868     
 91.497  1.0754     <1  ( 1 3 7)   45.748  0.4649  5.8427     
 91.914  1.0716     <1  ( 0 4 2)   45.957  0.4666  5.8634     
 93.051  1.0615    1.4  ( 2 0 14)  46.526  0.4711  5.9194     
 94.721  1.0471    4.4  ( 4 0 4)   47.361  0.4775  6.0006     
 95.006  1.0447    5.0  ( 3 1 8)   47.503  0.4786  6.0143     
 95.336  1.0420     <1  ( 2 2 9)   47.668  0.4799  6.0301     
 96.148  1.0353    2.3  ( 1 0 16)  48.074  0.4829  6.0689     
 96.193  1.0349    0.7  ( 1 1 15)  48.096  0.4831  6.0710     
 97.693  1.0230    0.5  ( 2 1 13)  48.847  0.4888  6.1418     
 99.155  1.0118    5.0  ( 0 3 12)  49.577  0.4942  6.2098     
102.232  0.9895    0.6  ( 3 2 1)   51.116  0.5053  6.3496     
102.950  0.9846    2.4  ( 2 3 2)   51.475  0.5078  6.3815     
103.533  0.9806    0.6  ( 1 3 10)  51.767  0.5099  6.4073     
104.119  0.9767    2.2  ( 1 2 14)  52.059  0.5119  6.4330     
105.843  0.9655    1.7  ( 3 2 4)   52.922  0.5179  6.5078     
106.139  0.9636    3.8  ( 0 4 8)   53.069  0.5189  6.5204     
107.326  0.9562    0.9  ( 0 2 16)  53.663  0.5229  6.5708     
108.041  0.9519    0.5  ( 2 3 5)   54.020  0.5253  6.6009     
108.639  0.9483     <1  ( 3 1 11)  54.320  0.5273  6.6258     
108.707  0.9479     <1  ( 0 0 18)  54.353  0.5275  6.6286     
109.568  0.9428    3.7  ( 4 1 0)   54.784  0.5303  6.6642     
110.475  0.9376    1.8  ( 2 2 12)  55.238  0.5333  6.7012     
111.815  0.9301     <1  ( 1 4 3)   55.908  0.5376  6.7551     
114.050  0.9182    0.5  ( 3 2 7)   57.025  0.5445  6.8430     
115.133  0.9126     <1  ( 4 0 10)  57.566  0.5479  6.8846     
117.948  0.8989    1.8  ( 2 3 8)   58.974  0.5562  6.9900     
118.795  0.8949    1.8  ( 1 4 6)   59.397  0.5587  7.0209     
119.242  0.8929    2.0  ( 2 1 16)  59.621  0.5600  7.0371     
120.759  0.8861    2.4  ( 1 1 18)  60.379  0.5643  7.0910     
121.016  0.8849     <1  ( 1 3 13)  60.508  0.5650  7.1001     
127.265  0.8597    0.6  ( 5 0 2)   63.633  0.5816  7.3084     
127.982  0.8571    2.6  ( 3 2 10)  63.991  0.5834  7.3309     
128.537  0.8551    0.5  ( 1 2 17)  64.269  0.5847  7.3482     
128.707  0.8545    0.7  ( 3 1 14)  64.353  0.5852  7.3534     
130.876  0.8469    2.0  ( 0 5 4)   65.438  0.5904  7.4189     
131.690  0.8442     <1  ( 4 1 9)   65.845  0.5923  7.4428     
132.842  0.8404     <1  ( 2 2 15)  66.421  0.5949  7.4760     
133.955  0.8369    2.5  ( 0 1 20)  66.977  0.5974  7.5073     
134.509  0.8352    0.6  ( 2 3 11)  67.254  0.5986  7.5227     
135.752  0.8315    1.5  ( 3 3 0)   67.876  0.6013  7.5564     
138.852  0.8228    0.4  ( 3 3 3)   69.426  0.6077  7.6368     
141.626  0.8156     <1  ( 2 4 1)   70.813  0.6131  7.7039     
142.769  0.8128    3.2  ( 4 2 2)   71.385  0.6152  7.7303     
144.690  0.8084     <1  ( 0 4 14)  72.345  0.6185  7.7728     
147.685  0.8020    3.4  ( 2 4 4)   73.842  0.6235  7.8348     
148.220  0.8009    3.0  ( 5 0 8)   74.110  0.6243  7.8453     
149.664  0.7981    3.3  ( 3 3 6)   74.832  0.6265  7.8728     
150.449  0.7966    8.0  ( 1 3 16)  75.224  0.6276  7.8873     
151.861  0.7941     <1  ( 4 2 5)   75.931  0.6296  7.9123     
152.226  0.7935    1.9  ( 2 0 20)  76.113  0.6301  7.9186     
153.231  0.7918    1.1  ( 3 0 18)  76.616  0.6315  7.9355     
153.725  0.7910    1.0  ( 3 2 13)  76.863  0.6321  7.9435     
156.422  0.7869    0.9  ( 2 1 19)  78.211  0.6354  7.9850     
157.207  0.7858   17.8  ( 4 1 12)  78.603  0.6363  7.9962     
