PDF#99-0050: QM=Common(+); d=Calculated; I=(Unknown)
Fluorapatite
Ca5 (P O4)3 F	
Radiation=CuKa1	Lambda=1.5406	Filter=
Calibration=	2T=10.901-158.715	I/Ic(RIR)=0.83
Ref: Calculated from CSD#50 (mdi-min.csd) by Jade 6.x

Hexagonal,  P63/m(176)	Z=2	mp=
CELL: 9.364 x 9.364 x 6.881 <90.0 x 90.0 x 120.0>	P.S=
Density(c)=3.205	Density(m)=	Mwt=	Vol=522.5	
Ref: Ibid.

Strong Lines: 2.80/X  2.70/6  2.77/4  3.44/4  1.84/4  1.94/3  2.62/3  2.25/2
NOTE: Proceedings of the Pakistan Acad Sci 33 (1996) 11-17, Majid C A, Hussain M A, See also PDF 15-0876 [Fluorapatite.csf]

2-Theta    d(?)   I(f)  ( h k l)    Theta  1/(2d)   2pi/d  n^2  
 10.901  8.1095    9.7  ( 1 0 0)    5.450  0.0617  0.7748     
 16.884  5.2468    3.5  ( 1 0 1)    8.442  0.0953  1.1975     
 18.939  4.6820    1.6  ( 1 1 0)    9.469  0.1068  1.3420     
 21.902  4.0547    5.4  ( 2 0 0)   10.951  0.1233  1.5496     
 22.956  3.8709    7.0  ( 1 1 1)   11.478  0.1292  1.6232     
 25.477  3.4933    2.3  ( 2 0 1)   12.738  0.1431  1.7986     
 25.875  3.4405   36.8  ( 0 0 2)   12.937  0.1453  1.8262     
 28.151  3.1672   11.6  ( 1 0 2)   14.076  0.1579  1.9838     
 29.110  3.0651   14.8  ( 2 1 0)   14.555  0.1631  2.0499     
 31.937  2.7999  100.0  ( 2 1 1)   15.969  0.1786  2.2441     
 32.262  2.7725   38.8  ( 1 1 2)   16.131  0.1803  2.2663     
 33.112  2.7032   57.4  ( 3 0 0)   16.556  0.1850  2.3244     
 34.150  2.6234   26.6  ( 2 0 2)   17.075  0.1906  2.3951     
 35.655  2.5160    4.1  ( 3 0 1)   17.828  0.1987  2.4973     
 38.421  2.3410    0.4  ( 2 2 0)   19.210  0.2136  2.6840     
 39.336  2.2886    5.9  ( 2 1 2)   19.668  0.2185  2.7454     
 40.055  2.2492   21.9  ( 1 3 0)   20.028  0.2223  2.7936     
 40.676  2.2163    3.0  ( 2 2 1)   20.338  0.2256  2.8350     
 40.853  2.2071    0.3  ( 1 0 3)   20.426  0.2265  2.8468     
 42.238  2.1379    5.9  ( 1 3 1)   21.119  0.2339  2.9390     
 42.494  2.1256    1.2  ( 3 0 2)   21.247  0.2352  2.9560     
 43.920  2.0598    4.6  ( 1 1 3)   21.960  0.2427  3.0504     
 44.660  2.0274    1.3  ( 4 0 0)   22.330  0.2466  3.0992     
 45.391  1.9964    3.9  ( 2 0 3)   22.696  0.2505  3.1473     
 46.668  1.9447    0.3  ( 4 0 1)   23.334  0.2571  3.2309     
 46.904  1.9355   28.5  ( 2 2 2)   23.452  0.2583  3.2464     
 48.304  1.8826   13.3  ( 1 3 2)   24.152  0.2656  3.3375     
 48.917  1.8604    3.6  ( 2 3 0)   24.458  0.2688  3.3773     
 49.599  1.8364   35.1  ( 2 1 3)   24.800  0.2723  3.4214     
 50.795  1.7960   16.4  ( 3 2 1)   25.398  0.2784  3.4985     
 51.606  1.7696   13.7  ( 1 4 0)   25.803  0.2825  3.5506     
 52.263  1.7489    1.2  ( 3 0 3)   26.131  0.2859  3.5926     
 52.335  1.7467   13.7  ( 4 0 2)   26.168  0.2863  3.5972     
 53.202  1.7202   16.9  ( 0 0 4)   26.601  0.2907  3.6525     
 53.416  1.7139    1.0  ( 4 1 1)   26.708  0.2917  3.6661     
 54.482  1.6828    0.4  ( 1 0 4)   27.241  0.2971  3.7338     
 56.089  1.6383    0.1  ( 2 2 3)   28.044  0.3052  3.8351     
 56.158  1.6365    8.6  ( 3 2 2)   28.079  0.3055  3.8394     
 56.709  1.6219    0.3  ( 5 0 0)   28.355  0.3083  3.8740     
 56.984  1.6147    0.4  ( 1 1 4)   28.492  0.3097  3.8912     
 57.326  1.6059    3.6  ( 3 1 3)   28.663  0.3114  3.9126     
 58.209  1.5836    0.1  ( 2 0 4)   29.104  0.3157  3.9676     
 58.411  1.5786    1.5  ( 5 0 1)   29.205  0.3167  3.9801     
 58.613  1.5737    0.5  ( 4 1 2)   29.306  0.3177  3.9927     
 59.149  1.5607    0.7  ( 3 3 0)   29.575  0.3204  4.0260     
 60.346  1.5325    5.0  ( 2 4 0)   30.173  0.3263  4.0998     
 60.808  1.5220    4.6  ( 3 3 1)   30.404  0.3285  4.1282     
 60.940  1.5190    0.1  ( 4 0 3)   30.470  0.3292  4.1363     
 61.791  1.5001    3.6  ( 1 2 4)   30.895  0.3333  4.1884     
 61.985  1.4959    2.8  ( 2 4 1)   30.993  0.3342  4.2003     
 63.343  1.4671   11.8  ( 5 0 2)   31.672  0.3408  4.2829     
 63.856  1.4565    1.2  ( 5 1 0)   31.928  0.3433  4.3139     
 64.113  1.4513    9.0  ( 3 0 4)   32.056  0.3445  4.3294     
 64.431  1.4449    6.4  ( 3 2 3)   32.216  0.3460  4.3486     
 65.445  1.4249    7.0  ( 5 1 1)   32.723  0.3509  4.4095     
 65.635  1.4213    1.6  ( 3 3 2)   32.817  0.3518  4.4208     
 66.702  1.4011    1.8  ( 1 4 3)   33.351  0.3569  4.4845     
 66.765  1.3999    1.1  ( 4 2 2)   33.382  0.3572  4.4882     
 67.513  1.3862     <1  ( 2 2 4)   33.757  0.3607  4.5326     
 68.628  1.3664    0.5  ( 1 3 4)   34.314  0.3659  4.5983     
 69.182  1.3568    0.1  ( 1 0 5)   34.591  0.3685  4.6309     
 69.488  1.3516    0.3  ( 6 0 0)   34.744  0.3699  4.6488     
 70.100  1.3413    2.7  ( 1 5 2)   35.050  0.3728  4.6845     
 70.588  1.3332    0.5  ( 4 3 0)   35.294  0.3750  4.7129     
 71.014  1.3262     <1  ( 6 0 1)   35.507  0.3770  4.7376     
 71.136  1.3243    0.3  ( 5 0 3)   35.568  0.3776  4.7447     
 71.379  1.3203    0.4  ( 1 1 5)   35.690  0.3787  4.7587     
 71.923  1.3117    0.6  ( 4 0 4)   35.962  0.3812  4.7901     
 72.104  1.3089    4.5  ( 4 3 1)   36.052  0.3820  4.8005     
 72.467  1.3032    0.3  ( 2 0 5)   36.233  0.3837  4.8214     
 72.766  1.2986    3.8  ( 5 2 0)   36.383  0.3850  4.8386     
 73.307  1.2903    0.4  ( 3 3 3)   36.654  0.3875  4.8695     
 74.264  1.2760    2.4  ( 5 2 1)   37.132  0.3918  4.9240     
 74.384  1.2743    3.9  ( 2 4 3)   37.192  0.3924  4.9308     
 75.158  1.2631    1.1  ( 2 3 4)   37.579  0.3959  4.9746     
 75.513  1.2580    1.1  ( 6 0 2)   37.757  0.3975  4.9946     
 75.692  1.2555    5.6  ( 2 1 5)   37.846  0.3983  5.0047     
 76.579  1.2431    2.6  ( 3 4 2)   38.289  0.4022  5.0544     
 77.051  1.2367    2.2  ( 6 1 0)   38.525  0.4043  5.0807     
 77.287  1.2335    7.6  ( 1 4 4)   38.643  0.4054  5.0938     
 77.581  1.2296    3.8  ( 5 1 3)   38.790  0.4067  5.1101     
 77.817  1.2264    0.1  ( 3 0 5)   38.908  0.4077  5.1232     
 78.520  1.2172    1.0  ( 1 6 1)   39.260  0.4108  5.1621     
 78.696  1.2149    6.9  ( 2 5 2)   39.348  0.4116  5.1718     
 80.973  1.1864    0.6  ( 2 2 5)   40.486  0.4214  5.2961     
 81.495  1.1801    1.1  ( 5 0 4)   40.748  0.4237  5.3243     
 82.018  1.1739    0.7  ( 1 3 5)   41.009  0.4259  5.3524     
 82.307  1.1705    2.2  ( 4 4 0)   41.153  0.4272  5.3679     
 82.828  1.1644     <1  ( 6 0 3)   41.414  0.4294  5.3958     
 82.886  1.1638    0.8  ( 1 6 2)   41.443  0.4296  5.3989     
 83.349  1.1585    0.9  ( 3 5 0)   41.674  0.4316  5.4236     
 83.581  1.1559    0.9  ( 3 3 4)   41.790  0.4326  5.4359     
 83.753  1.1539    1.1  ( 4 4 1)   41.877  0.4333  5.4450     
 83.869  1.1526    4.4  ( 4 3 3)   41.935  0.4338  5.4512     
 84.390  1.1468    1.9  ( 0 0 6)   42.195  0.4360  5.4787     
 84.620  1.1443    3.9  ( 2 4 4)   42.310  0.4369  5.4908     
 84.792  1.1424    0.2  ( 5 3 1)   42.396  0.4377  5.4999     
 85.140  1.1386    0.1  ( 4 0 5)   42.570  0.4391  5.5181     
 85.428  1.1355    0.6  ( 1 0 6)   42.714  0.4403  5.5332     
 85.945  1.1300    1.8  ( 5 2 3)   42.973  0.4425  5.5602     
 86.463  1.1246    0.3  ( 2 6 0)   43.232  0.4446  5.5871     
 87.500  1.1139    4.0  ( 1 1 6)   43.750  0.4489  5.6407     
 87.729  1.1116    2.1  ( 5 1 4)   43.864  0.4498  5.6524     
 87.901  1.1099    0.2  ( 2 6 1)   43.950  0.4505  5.6613     
 88.073  1.1081    0.4  ( 4 4 2)   44.037  0.4512  5.6701     
 88.247  1.1064    3.0  ( 2 3 5)   44.123  0.4519  5.6790     
 88.535  1.1035    0.3  ( 2 0 6)   44.267  0.4531  5.6936     
 89.107  1.0979    8.3  ( 3 5 2)   44.554  0.4554  5.7228     
 90.084  1.0885    0.5  ( 1 6 3)   45.042  0.4593  5.7721     
 90.315  1.0864    0.1  ( 4 1 5)   45.157  0.4603  5.7837     
 91.635  1.0741    2.4  ( 1 7 0)   45.817  0.4655  5.8496     
 91.636  1.0741    0.3  ( 1 2 6)   45.818  0.4655  5.8497     
 92.210  1.0689    1.4  ( 6 2 2)   46.105  0.4678  5.8780     
 92.900  1.0628    0.6  ( 6 0 4)   46.450  0.4705  5.9120     
 93.072  1.0613    0.2  ( 7 1 1)   46.536  0.4711  5.9204     
 93.707  1.0557    0.1  ( 3 0 6)   46.853  0.4736  5.9514     
 93.936  1.0538    0.6  ( 4 3 4)   46.968  0.4745  5.9625     
 94.455  1.0494    0.6  ( 5 0 5)   47.227  0.4765  5.9877     
 95.780  1.0383    0.1  ( 5 4 0)   47.890  0.4816  6.0513     
 96.011  1.0364    1.4  ( 5 2 4)   48.006  0.4824  6.0624     
 96.300  1.0341    0.7  ( 7 0 3)   48.150  0.4835  6.0761     
 96.532  1.0322    1.6  ( 3 3 5)   48.266  0.4844  6.0871     
 96.822  1.0299    2.5  ( 2 2 6)   48.411  0.4855  6.1008     
 97.225  1.0267    1.4  ( 4 5 1)   48.613  0.4870  6.1199     
 97.399  1.0253    1.9  ( 7 1 2)   48.699  0.4877  6.1280     
 97.574  1.0239    0.6  ( 2 4 5)   48.787  0.4883  6.1362     
 97.862  1.0217     <1  ( 3 6 0)   48.931  0.4894  6.1498     
 97.864  1.0217    2.7  ( 1 3 6)   48.932  0.4894  6.1498     
 98.908  1.0137    1.2  ( 8 0 0)   49.454  0.4933  6.1984     
 99.315  1.0106    2.6  ( 6 3 1)   49.657  0.4947  6.2172     
 99.431  1.0097    0.5  ( 6 2 3)   49.716  0.4952  6.2225     
100.190  1.0041    3.1  ( 1 6 4)   50.095  0.4979  6.2573     
100.364  1.0029     <1  ( 8 0 1)   50.182  0.4986  6.2653     
100.716  1.0003    2.5  ( 5 1 5)   50.358  0.4998  6.2813     
101.009  0.9982    1.6  ( 4 0 6)   50.504  0.5009  6.2945     
101.593  0.9940    1.1  ( 4 5 2)   50.796  0.5030  6.3209     
102.062  0.9907    0.9  ( 7 2 0)   51.031  0.5047  6.3420     
103.535  0.9806    0.7  ( 7 2 1)   51.767  0.5099  6.4074     
103.712  0.9794    3.9  ( 3 6 2)   51.856  0.5105  6.4152     
104.187  0.9763    0.8  ( 3 2 6)   52.094  0.5122  6.4360     
104.247  0.9759     <1  ( 1 0 7)   52.124  0.5124  6.4386     
104.720  0.9727    0.2  ( 1 7 3)   52.360  0.5140  6.4592     
104.779  0.9724    4.7  ( 8 0 2)   52.389  0.5142  6.4618     
105.493  0.9677    4.2  ( 4 4 4)   52.747  0.5167  6.4927     
106.331  0.9624    0.3  ( 4 1 6)   53.165  0.5195  6.5286     
106.391  0.9620     <1  ( 1 1 7)   53.196  0.5197  6.5312     
106.569  0.9609    1.3  ( 3 5 4)   53.285  0.5203  6.5388     
107.110  0.9576    1.5  ( 4 3 5)   53.555  0.5222  6.5617     
107.472  0.9553     <1  ( 2 0 7)   53.736  0.5234  6.5770     
108.012  0.9520    0.1  ( 2 7 2)   54.006  0.5252  6.5997     
108.496  0.9491    0.1  ( 8 1 0)   54.248  0.5268  6.6199     
109.042  0.9459    0.8  ( 4 5 3)   54.521  0.5286  6.6425     
109.286  0.9445    1.1  ( 5 2 5)   54.643  0.5294  6.6526     
109.834  0.9413    1.0  ( 2 6 4)   54.917  0.5312  6.6751     
110.017  0.9402    0.1  ( 8 1 1)   55.009  0.5318  6.6825     
110.691  0.9364    1.0  ( 5 5 0)   55.346  0.5340  6.7099     
110.693  0.9364    1.9  ( 5 0 6)   55.346  0.5340  6.7100     
110.755  0.9360    3.4  ( 2 1 7)   55.377  0.5342  6.7125     
111.245  0.9333    0.8  ( 6 3 3)   55.622  0.5357  6.7323     
111.800  0.9302    0.5  ( 4 6 0)   55.900  0.5375  6.7545     
112.234  0.9278    0.4  ( 5 5 1)   56.117  0.5389  6.7718     
112.359  0.9272    0.1  ( 8 0 3)   56.179  0.5393  6.7767     
112.920  0.9242    1.2  ( 3 3 6)   56.460  0.5410  6.7989     
112.983  0.9238    0.1  ( 3 0 7)   56.492  0.5412  6.8014     
113.355  0.9218    1.1  ( 4 6 1)   56.678  0.5424  6.8160     
113.732  0.9199    0.5  ( 6 1 5)   56.866  0.5436  6.8307     
114.047  0.9182    0.5  ( 2 4 6)   57.024  0.5445  6.8429     
114.676  0.9150    2.0  ( 1 8 2)   57.338  0.5465  6.8671     
115.183  0.9124    1.0  ( 7 3 0)   57.591  0.5480  6.8865     
115.438  0.9111    4.8  ( 1 7 4)   57.719  0.5488  6.8962     
115.756  0.9095    0.4  ( 7 2 3)   57.878  0.5497  6.9083     
116.397  0.9063    0.2  ( 2 2 7)   58.199  0.5517  6.9325     
116.780  0.9045    1.4  ( 7 3 1)   58.390  0.5528  6.9468     
116.973  0.9035    1.0  ( 5 5 2)   58.487  0.5534  6.9540     
117.490  0.9011    0.7  ( 9 0 0)   58.745  0.5549  6.9732     
117.492  0.9010    0.6  ( 1 5 6)   58.746  0.5549  6.9732     
117.557  0.9007    0.5  ( 1 3 7)   58.779  0.5551  6.9756     
118.140  0.8980    0.2  ( 6 4 2)   59.070  0.5568  6.9970     
119.121  0.8934    0.7  ( 9 0 1)   59.561  0.5596  7.0327     
119.517  0.8916    1.0  ( 4 4 5)   59.759  0.5608  7.0469     
120.113  0.8889     <1  ( 4 5 4)   60.056  0.5625  7.0682     
120.713  0.8863    0.2  ( 5 3 5)   60.356  0.5642  7.0894     
121.046  0.8848    1.0  ( 8 2 0)   60.523  0.5651  7.1011     
121.116  0.8845    0.1  ( 4 0 7)   60.558  0.5653  7.1036     
121.719  0.8819    0.1  ( 3 7 2)   60.859  0.5670  7.1246     
122.533  0.8784    0.1  ( 6 3 4)   61.267  0.5692  7.1526     
122.737  0.8776    1.3  ( 2 8 1)   61.369  0.5697  7.1596     
122.874  0.8770    0.2  ( 1 8 3)   61.437  0.5701  7.1643     
123.494  0.8745    1.4  ( 6 0 6)   61.747  0.5718  7.1852     
123.768  0.8733    2.0  ( 8 0 4)   61.884  0.5725  7.1945     
124.183  0.8717    0.5  ( 9 0 2)   62.092  0.5736  7.2083     
124.393  0.8708    0.1  ( 2 6 5)   62.196  0.5742  7.2153     
124.742  0.8694    0.8  ( 3 4 6)   62.371  0.5751  7.2269     
124.813  0.8691    2.0  ( 3 2 7)   62.407  0.5753  7.2292     
125.372  0.8669    0.5  ( 5 5 3)   62.686  0.5767  7.2476     
126.650  0.8620    0.6  ( 4 6 3)   63.325  0.5800  7.2889     
127.157  0.8601    1.9  ( 0 0 8)   63.578  0.5813  7.3050     
127.299  0.8596    1.3  ( 2 5 6)   63.650  0.5817  7.3095     
127.372  0.8593    0.3  ( 1 4 7)   63.686  0.5819  7.3118     
127.587  0.8585    1.7  ( 7 2 4)   63.794  0.5824  7.3186     
128.023  0.8569    2.6  ( 2 8 2)   64.011  0.5835  7.3322     
128.465  0.8553    0.1  ( 1 0 8)   64.233  0.5846  7.3459     
129.944  0.8501    1.7  ( 5 6 0)   64.972  0.5882  7.3911     
130.622  0.8478    2.7  ( 7 3 3)   65.311  0.5898  7.4114     
130.926  0.8467    0.3  ( 7 1 5)   65.463  0.5905  7.4204     
131.157  0.8460    0.1  ( 1 1 8)   65.579  0.5910  7.4272     
131.844  0.8437    3.6  ( 5 6 1)   65.922  0.5926  7.4473     
132.545  0.8414     <1  ( 2 0 8)   66.273  0.5942  7.4675     
132.697  0.8409    1.7  ( 4 7 0)   66.349  0.5946  7.4719     
132.700  0.8409    0.2  ( 6 1 6)   66.350  0.5946  7.4719     
133.405  0.8387    1.1  ( 9 0 3)   66.703  0.5962  7.4919     
134.683  0.8347    0.7  ( 7 4 1)   67.342  0.5990  7.5274     
135.664  0.8318    0.8  ( 3 3 7)   67.832  0.6011  7.5541     
135.909  0.8310    0.3  ( 1 8 4)   67.955  0.6017  7.5606     
136.658  0.8289    2.0  ( 4 5 5)   68.329  0.6032  7.5805     
136.912  0.8281    1.7  ( 1 2 8)   68.456  0.6038  7.5871     
137.164  0.8274    1.4  ( 2 4 7)   68.582  0.6043  7.5937     
137.841  0.8255    2.4  ( 2 8 3)   68.921  0.6057  7.6112     
137.927  0.8253    0.4  ( 1 9 2)   68.963  0.6059  7.6134     
138.617  0.8234    0.4  ( 3 8 0)   69.308  0.6072  7.6309     
138.966  0.8224    1.0  ( 5 5 4)   69.483  0.6079  7.6396     
139.761  0.8203    4.3  ( 6 3 5)   69.880  0.6095  7.6592     
140.031  0.8196    3.2  ( 3 0 8)   70.016  0.6100  7.6659     
140.208  0.8192     <1  ( 4 4 6)   70.104  0.6104  7.6701     
140.567  0.8183    1.0  ( 4 6 4)   70.284  0.6111  7.6788     
140.838  0.8176    0.5  ( 8 3 1)   70.419  0.6116  7.6853     
141.112  0.8169    0.4  ( 7 4 2)   70.556  0.6121  7.6918     
141.389  0.8162     <1  ( 8 0 5)   70.694  0.6126  7.6983     
141.852  0.8150    7.0  ( 3 5 6)   70.926  0.6135  7.7092     
141.946  0.8148    3.2  ( 5 1 7)   70.973  0.6137  7.7114     
143.556  0.8109    0.5  ( 10 0 0)  71.778  0.6166  7.7480     
145.741  0.8060    2.3  ( 7 3 4)   72.871  0.6203  7.7952     
146.047  0.8054    0.4  ( 10 0 1)  73.024  0.6208  7.8016     
146.671  0.8040    1.5  ( 7 2 5)   73.336  0.6219  7.8144     
146.990  0.8034    0.2  ( 1 3 8)   73.495  0.6224  7.8209     
147.199  0.8030    0.7  ( 6 2 6)   73.599  0.6227  7.8251     
148.272  0.8008    1.8  ( 8 3 2)   74.136  0.6244  7.8463     
149.157  0.7991    1.4  ( 2 9 0)   74.578  0.6257  7.8633     
149.609  0.7982    1.9  ( 9 0 4)   74.804  0.6264  7.8718     
150.181  0.7971    5.4  ( 6 5 3)   75.090  0.6273  7.8824     
151.361  0.7950     <1  ( 6 0 7)   75.680  0.6289  7.9036     
152.084  0.7937    5.2  ( 2 9 1)   76.042  0.6299  7.9162     
153.215  0.7918    0.5  ( 4 0 8)   76.608  0.6315  7.9352     
153.598  0.7912    4.7  ( 4 3 7)   76.799  0.6320  7.9415     
154.647  0.7895    1.2  ( 7 4 3)   77.323  0.6333  7.9582     
154.781  0.7893    0.3  ( 10 0 2)  77.391  0.6335  7.9603     
156.452  0.7868    3.5  ( 8 2 4)   78.226  0.6355  7.9854     
158.556  0.7840    3.7  ( 7 1 6)   79.278  0.6378  8.0146     
158.715  0.7838    3.1  ( 5 2 7)   79.358  0.6379  8.0167     
