-14.96430000   0.00000000   0.00000000   0.00000000 
-14.93930000   0.00000000   0.00000000   0.00000000 
-14.91430000   0.00000000   0.00000000   0.00000000 
-14.88930000   0.00000000   0.00000000   0.00000000 
-14.86430000   0.00000000   0.00000000   0.00000000 
-14.83930000   0.00000000   0.00000000   0.00000000 
-14.81530000   0.00000000   0.00000000   0.00000000 
-14.79030000   0.00000000   0.00000000   0.00000000 
-14.76530000   0.00000000   0.00000000   0.00000000 
-14.74030000   0.00000000   0.00000000   0.00000000 
-14.71530000   0.00000000   0.00000000   0.00000000 
-14.69030000   0.00000000   0.00000000   0.00000000 
-14.66530000   0.00000000   0.00000000   0.00000000 
-14.64130000   0.00000000   0.00000000   0.00000000 
-14.61630000   0.00000000   0.00000000   0.00000000 
-14.59130000   0.00000000   0.00000000   0.00000000 
-14.56630000   0.00000000   0.00000000   0.00000000 
-14.54130000   0.00000000   0.00000000   0.00000000 
-14.51630000   0.00000000   0.00000000   0.00000000 
-14.49230000   0.00000000   0.00000000   0.00000000 
-14.46730000   0.00000000   0.00000000   0.00000000 
-14.44230000   0.00000000   0.00000000   0.00000000 
-14.41730000   0.00000000   0.00000000   0.00000000 
-14.39230000   0.00000000   0.00000000   0.00000000 
-14.36730000   0.00000000   0.00000000   0.00000000 
-14.34230000   0.00000000   0.00000000   0.00000000 
-14.31830000   0.00000000   0.00000000   0.00000000 
-14.29330000   0.00000000   0.00000000   0.00000000 
-14.26830000   0.00000000   0.00000000   0.00000000 
-14.24330000   0.00000000   0.00000000   0.00000000 
-14.21830000   0.00000000   0.00000000   0.00000000 
-14.19330000   0.00000000   0.00000000   0.00000000 
-14.16930000   0.00000000   0.00000000   0.00000000 
-14.14430000   0.00000000   0.00000000   0.00000000 
-14.11930000   0.00000000   0.00000000   0.00000000 
-14.09430000   0.00000000   0.00000000   0.00000000 
-14.06930000   0.00000000   0.00000000   0.00000000 
-14.04430000   0.31620000   0.01584000   0.00000000 
-14.01930000   0.27490000   0.01395000   0.00000000 
-13.99530000   0.31290000   0.01602000   0.00000000 
-13.97030000   0.30980000   0.01606000   0.00000000 
-13.94530000   0.33060000   0.01729000   0.00000000 
-13.92030000   0.35990000   0.01897000   0.00000000 
-13.89530000   0.41640000   0.02206000   0.00000000 
-13.87030000   0.53220000   0.02830000   0.00000000 
-13.84630000   0.39390000   0.02140000   0.00000000 
-13.82130000   0.36240000   0.01994000   0.00000000 
-13.79630000   0.30130000   0.01691000   0.00000000 
-13.77130000   0.29250000   0.01658000   0.00000000 
-13.74630000   0.27260000   0.01568000   0.00000000 
-13.72130000   0.25540000   0.01490000   0.00000000 
-13.69630000   0.23260000   0.01381000   0.00000000 
-13.67230000   0.22840000   0.01368000   0.00000000 
-13.64730000   0.22410000   0.01354000   0.00000000 
-13.62230000   0.21940000   0.01337000   0.00000000 
-13.59730000   0.20870000   0.01290000   0.00000000 
-13.57230000   0.19440000   0.01223000   0.00000000 
-13.54730000   0.19140000   0.01214000   0.00000000 
-13.52330000   0.18880000   0.01207000   0.00000000 
-13.49830000   0.18620000   0.01200000   0.00000000 
-13.47330000   0.18340000   0.01191000   0.00000000 
-13.44830000   0.18000000   0.01179000   0.00000000 
-13.42330000   0.17270000   0.01146000   0.00000000 
-13.39830000   0.16890000   0.01131000   0.00000000 
-13.37330000   0.16670000   0.01125000   0.00000000 
-13.34930000   0.16500000   0.01120000   0.00000000 
-13.32430000   0.16330000   0.01116000   0.00000000 
-13.29930000   0.16170000   0.01112000   0.00000000 
-13.27430000   0.15990000   0.01106000   0.00000000 
-13.24930000   0.15730000   0.01096000   0.00000000 
-13.22430000   0.15420000   0.01083000   0.00000000 
-13.20030000   0.15430000   0.01087000   0.00000000 
-13.17530000   0.21980000   0.01557000   0.00000000 
-13.15030000   0.17290000   0.01233000   0.00000000 
-13.12530000   0.14870000   0.01068000   0.00000000 
-13.10030000   0.13510000   0.00975800   0.00000000 
-13.07530000   0.12690000   0.00922900   0.00000000 
-13.05030000   0.13430000   0.00983900   0.00000000 
-13.02630000   0.03030000   0.00223700   0.00000000 
-13.00130000   0.00000000   0.00000000   0.00000000 
-12.97630000   0.00000000   0.00000000   0.00000000 
-12.95130000   0.19520000   0.01409000   0.00000000 
-12.92630000   0.13680000   0.00995200   0.00000000 
-12.90130000   0.12940000   0.00946700   0.00000000 
-12.87730000   0.13790000   0.01015000   0.00000000 
-12.85230000   0.15920000   0.01178000   0.00000000 
-12.82730000   0.17470000   0.01300000   0.00000000 
-12.80230000   0.42450000   0.03208000   0.00000000 
-12.77730000   0.14170000   0.01051000   0.00000000 
-12.75230000   0.14190000   0.01053000   0.00000000 
-12.72730000   0.14210000   0.01054000   0.00000000 
-12.70330000   0.14290000   0.01058000   0.00000000 
-12.67830000   0.14390000   0.01062000   0.00000000 
-12.65330000   0.14460000   0.01065000   0.00000000 
-12.62830000   0.14520000   0.01068000   0.00000000 
-12.60330000   0.14590000   0.01071000   0.00000000 
-12.57830000   0.14670000   0.01074000   0.00000000 
-12.55330000   0.14800000   0.01080000   0.00000000 
-12.52930000   0.14830000   0.01080000   0.00000000 
-12.50430000   0.14850000   0.01080000   0.00000000 
-12.47930000   0.14880000   0.01080000   0.00000000 
-12.45430000   0.15190000   0.01093000   0.00000000 
-12.42930000   0.15500000   0.01106000   0.00000000 
-12.40430000   0.15730000   0.01115000   0.00000000 
-12.38030000   0.15950000   0.01124000   0.00000000 
-12.35530000   0.16180000   0.01133000   0.00000000 
-12.33030000   0.16460000   0.01145000   0.00000000 
-12.30530000   0.16800000   0.01161000   0.00000000 
-12.28030000   0.16840000   0.01159000   0.00000000 
-12.25530000   0.16880000   0.01156000   0.00000000 
-12.23030000   0.17610000   0.01189000   0.00000000 
-12.20630000   0.18340000   0.01221000   0.00000000 
-12.18130000   0.18890000   0.01244000   0.00000000 
-12.15630000   0.19390000   0.01265000   0.00000000 
-12.13130000   0.19920000   0.01287000   0.00000000 
-12.10630000   0.20620000   0.01320000   0.00000000 
-12.08130000   0.21280000   0.01350000   0.00000000 
-12.05730000   0.22040000   0.01380000   0.00000000 
-12.03230000   0.24260000   0.01484000   0.00000000 
-12.00730000   0.25530000   0.01540000   0.00000000 
-11.98230000   0.26630000   0.01589000   0.00000000 
-11.95730000   0.27710000   0.01637000   0.00000000 
-11.93230000   0.31400000   0.01818000   0.00000000 
-11.90730000   0.38570000   0.02180000   0.00000000 
-11.88330000   0.41600000   0.02322000   0.00000000 
-11.85830000   0.66040000   0.03538000   0.00000000 
-11.83330000   0.50800000   0.02774000   0.00000000 
-11.80830000   0.41850000   0.02323000   0.00000000 
-11.78330000   0.38370000   0.02154000   0.00000000 
-11.75830000   0.35520000   0.02009000   0.00000000 
-11.73430000   0.31630000   0.01795000   0.00000000 
-11.70930000   0.30750000   0.01751000   0.00000000 
-11.68430000   0.20990000   0.01197000   0.00000000 
-11.65930000   0.00000000   0.00000000   0.00000000 
-11.63430000   0.00000000   0.00000000   0.00000000 
-11.60930000   0.00000000   0.00000000   0.00000000 
-11.58430000   0.00000000   0.00000000   0.00000000 
-11.56030000   0.00000000   0.00000000   0.00000000 
-11.53530000   0.00000000   0.00000000   0.00000000 
-11.51030000   0.00000000   0.00000000   0.00000000 
-11.48530000   0.00000000   0.00000000   0.00000000 
-11.46030000   0.00000000   0.00000000   0.00000000 
-11.43530000   0.00000000   0.00000000   0.00000000 
-11.41130000   0.00000000   0.00000000   0.00000000 
-11.38630000   0.00000000   0.00000000   0.00000000 
-11.36130000   0.00000000   0.00000000   0.00000000 
-11.33630000   0.00000000   0.00000000   0.00000000 
-11.31130000   0.00000000   0.00000000   0.00000000 
-11.28630000   0.00000000   0.00000000   0.00000000 
-11.26130000   0.00000000   0.00000000   0.00000000 
-11.23730000   0.00000000   0.00000000   0.00000000 
-11.21230000   0.00000000   0.00000000   0.00000000 
-11.18730000   0.00000000   0.00000000   0.00000000 
-11.16230000   0.00000000   0.00000000   0.00000000 
-11.13730000   0.00000000   0.00000000   0.00000000 
-11.11230000   0.00000000   0.00000000   0.00000000 
-11.08830000   0.00000000   0.00000000   0.00000000 
-11.06330000   0.00000000   0.00000000   0.00000000 
-11.03830000   0.00000000   0.00000000   0.00000000 
-11.01330000   0.00000000   0.00000000   0.00000000 
-10.98830000   0.00000000   0.00000000   0.00000000 
-10.96330000   0.00040870   0.02958000   0.00000000 
-10.93830000   0.00050310   0.02118000   0.00000000 
-10.91430000   0.00075650   0.02546000   0.00000000 
-10.88930000   0.00096110   0.02447000   0.00000000 
-10.86430000   0.00115800   0.02506000   0.00000000 
-10.83930000   0.00135100   0.02582000   0.00000000 
-10.81430000   0.00157500   0.02704000   0.00000000 
-10.78930000   0.00177800   0.02871000   0.00000000 
-10.76530000   0.00198900   0.02872000   0.00000000 
-10.74030000   0.00222900   0.02964000   0.00000000 
-10.71530000   0.00243200   0.03078000   0.00000000 
-10.69030000   0.00263800   0.03210000   0.00000000 
-10.66530000   0.00294700   0.03409000   0.00000000 
-10.64030000   0.00321600   0.03582000   0.00000000 
-10.61530000   0.00349600   0.03713000   0.00000000 
-10.59130000   0.00389200   0.03955000   0.00000000 
-10.56630000   0.00441100   0.04284000   0.00000000 
-10.54130000   0.00487000   0.04552000   0.00000000 
-10.51630000   0.00533500   0.04808000   0.00000000 
-10.49130000   0.00707600   0.06069000   0.00000000 
-10.46630000   0.00848900   0.06071000   0.00000000 
-10.44230000   0.01329000   0.07750000   0.00000000 
-10.41730000   0.04369000   0.17450000   0.00000000 
-10.39230000   0.07980000   0.27500000   0.00000000 
-10.36730000   0.08356000   0.28030000   0.00000000 
-10.34230000   0.10370000   0.34170000   0.00000000 
-10.31730000   0.07207000   0.24310000   0.00000000 
-10.29230000   0.05866000   0.20040000   0.00000000 
-10.26830000   0.05889000   0.19600000   0.00000000 
-10.24330000   0.06936000   0.21650000   0.00000000 
-10.21830000   0.07753000   0.23170000   0.00000000 
-10.19330000   0.01625000   0.08352000   0.00000000 
-10.16830000   0.01323000   0.07951000   0.00000000 
-10.14330000   0.01013000   0.08730000   0.00000000 
-10.11930000   0.01002000   0.09542000   0.00000000 
-10.09430000   0.00477700   0.07544000   0.00000000 
-10.06930000   0.00199800   0.08397000   0.00000000 
-10.04430000   0.00000000   0.00000000   0.00000000 
-10.01930000   0.00000000   0.00000000   0.00000000 
 -9.99430000   0.00000000   0.00000000   0.00000000 
 -9.96930000   0.00000000   0.00000000   0.00000000 
 -9.94530000   0.00000000   0.00000000   0.00000000 
 -9.92030000   0.00000000   0.00000000   0.00000000 
 -9.89530000   0.00000000   0.00000000   0.00000000 
 -9.87030000   0.00000000   0.00000000   0.00000000 
 -9.84530000   0.00000000   0.00000000   0.00000000 
 -9.82030000   0.00000000   0.00000000   0.00000000 
 -9.79530000   0.00000000   0.00000000   0.00000000 
 -9.77130000   0.00000000   0.00000000   0.00000000 
 -9.74630000   0.00000000   0.00000000   0.00000000 
 -9.72130000   0.00000000   0.00000000   0.00000000 
 -9.69630000   0.00000000   0.00000000   0.00000000 
 -9.67130000   0.00000000   0.00000000   0.00000000 
 -9.64630000   0.00000000   0.00000000   0.00000000 
 -9.62230000   0.00000000   0.00000000   0.00000000 
 -9.59730000   0.00000000   0.00000000   0.00000000 
 -9.57230000   0.00000000   0.00000000   0.00000000 
 -9.54730000   0.00000000   0.00000000   0.00000000 
 -9.52230000   0.00000000   0.00000000   0.00000000 
 -9.49730000   0.00000000   0.00000000   0.00000000 
 -9.47230000   0.00000000   0.00000000   0.00000000 
 -9.44830000   0.00000000   0.00000000   0.00000000 
 -9.42330000   0.00000000   0.00000000   0.00000000 
 -9.39830000   0.00000000   0.00000000   0.00000000 
 -9.37330000   0.00000000   0.00000000   0.00000000 
 -9.34830000   0.00000000   0.00000000   0.00000000 
 -9.32330000   0.00000000   0.00000000   0.00000000 
 -9.29930000   0.00000000   0.00000000   0.00000000 
 -9.27430000   0.00000000   0.00000000   0.00000000 
 -9.24930000   0.00000000   0.00000000   0.00000000 
 -9.22430000   0.00000000   0.00000000   0.00000000 
 -9.19930000   0.00000000   0.00000000   0.00000000 
 -9.17430000   0.00000000   0.00000000   0.00000000 
 -9.14930000   0.00000000   0.00000000   0.00000000 
 -9.12530000   0.00000000   0.00000000   0.00000000 
 -9.10030000   0.00000000   0.00000000   0.00000000 
 -9.07530000   0.00000000   0.00000000   0.00000000 
 -9.05030000   0.00000000   0.00000000   0.00000000 
 -9.02530000   0.00000000   0.00000000   0.00000000 
 -9.00030000   0.00000000   0.00000000   0.00000000 
 -8.97630000   0.00000000   0.00000000   0.00000000 
 -8.95130000   0.00000000   0.00000000   0.00000000 
 -8.92630000   0.00000000   0.00000000   0.00000000 
 -8.90130000   0.00000000   0.00000000   0.00000000 
 -8.87630000   0.00000000   0.00000000   0.00000000 
 -8.85130000   0.00000000   0.00000000   0.00000000 
 -8.82630000   0.00000000   0.00000000   0.00000000 
 -8.80230000   0.00000000   0.00000000   0.00000000 
 -8.77730000   0.00000000   0.00000000   0.00000000 
 -8.75230000   0.21580000   0.03733000   0.00000000 
 -8.72730000   0.19760000   0.03323000   0.00000000 
 -8.70230000   0.20430000   0.03360000   0.00000000 
 -8.67730000   0.21390000   0.03461000   0.00000000 
 -8.65330000   0.21480000   0.03423000   0.00000000 
 -8.62830000   0.21870000   0.03448000   0.00000000 
 -8.60330000   0.22420000   0.03507000   0.00000000 
 -8.57830000   0.23340000   0.03627000   0.00000000 
 -8.55330000   0.23600000   0.03664000   0.00000000 
 -8.52830000   0.23900000   0.03700000   0.00000000 
 -8.50330000   0.24380000   0.03755000   0.00000000 
 -8.47930000   0.25400000   0.03892000   0.00000000 
 -8.45430000   0.27120000   0.04172000   0.00000000 
 -8.42930000   0.33080000   0.05129000   0.00000000 
 -8.40430000   0.26890000   0.04086000   0.00000000 
 -8.37930000   0.25390000   0.03817000   0.00000000 
 -8.35430000   0.24570000   0.03683000   0.00000000 
 -8.33030000   0.25530000   0.03895000   0.00000000 
 -8.30530000   0.31600000   0.04854000   0.00000000 
 -8.28030000   0.39890000   0.06332000   0.00000000 
 -8.25530000   0.39320000   0.06247000   0.00000000 
 -8.23030000   0.35360000   0.05314000   0.00000000 
 -8.20530000   0.36360000   0.05270000   0.00000000 
 -8.18030000   0.38290000   0.05359000   0.00000000 
 -8.15630000   0.39450000   0.05345000   0.00000000 
 -8.13130000   0.43530000   0.05625000   0.00000000 
 -8.10630000   0.49850000   0.06195000   0.00000000 
 -8.08130000   0.65300000   0.07745000   0.00000000 
 -8.05630000   0.19300000   0.02670000   0.00000000 
 -8.03130000   0.17950000   0.02560000   0.00000000 
 -8.00730000   0.16900000   0.02476000   0.00000000 
 -7.98230000   0.13360000   0.02082000   0.00000000 
 -7.95730000   0.13180000   0.02085000   0.00000000 
 -7.93230000   0.12990000   0.02086000   0.00000000 
 -7.90730000   0.12790000   0.02086000   0.00000000 
 -7.88230000   0.12560000   0.02080000   0.00000000 
 -7.85730000   0.12310000   0.02071000   0.00000000 
 -7.83330000   0.12010000   0.02053000   0.00000000 
 -7.80830000   0.11690000   0.02029000   0.00000000 
 -7.78330000   0.11360000   0.02012000   0.00000000 
 -7.75830000   0.10980000   0.01977000   0.00000000 
 -7.73330000   0.10710000   0.01951000   0.00000000 
 -7.70830000   0.10640000   0.01959000   0.00000000 
 -7.68430000   0.10560000   0.01963000   0.00000000 
 -7.65930000   0.10470000   0.01966000   0.00000000 
 -7.63430000   0.10390000   0.01968000   0.00000000 
 -7.60930000   0.10300000   0.01968000   0.00000000 
 -7.58430000   0.10460000   0.02020000   0.00000000 
 -7.55930000   0.10500000   0.02049000   0.00000000 
 -7.53430000   0.10480000   0.02064000   0.00000000 
 -7.51030000   0.10460000   0.02077000   0.00000000 
 -7.48530000   0.10380000   0.02078000   0.00000000 
 -7.46030000   0.10270000   0.02072000   0.00000000 
 -7.43530000   0.10170000   0.02066000   0.00000000 
 -7.41030000   0.10840000   0.02215000   0.00000000 
 -7.38530000   0.11150000   0.02290000   0.00000000 
 -7.36130000   0.11450000   0.02366000   0.00000000 
 -7.33630000   0.11540000   0.02401000   0.00000000 
 -7.31130000   0.11580000   0.02422000   0.00000000 
 -7.28630000   0.15730000   0.03293000   0.00000000 
 -7.26130000   0.15110000   0.03189000   0.00000000 
 -7.23630000   0.13030000   0.02772000   0.00000000 
 -7.21130000   0.11100000   0.02385000   0.00000000 
 -7.18730000   0.10420000   0.02254000   0.00000000 
 -7.16230000   0.10060000   0.02182000   0.00000000 
 -7.13730000   0.09696000   0.02110000   0.00000000 
 -7.11230000   0.09212000   0.02012000   0.00000000 
 -7.08730000   0.08733000   0.01914000   0.00000000 
 -7.06230000   0.08417000   0.01850000   0.00000000 
 -7.03830000   0.08152000   0.01795000   0.00000000 
 -7.01330000   0.07960000   0.01754000   0.00000000 
 -6.98830000   0.07765000   0.01712000   0.00000000 
 -6.96330000   0.07556000   0.01666000   0.00000000 
 -6.93830000   0.07296000   0.01608000   0.00000000 
 -6.91330000   0.07088000   0.01562000   0.00000000 
 -6.88830000   0.06884000   0.01516000   0.00000000 
 -6.86430000   0.06768000   0.01487000   0.00000000 
 -6.83930000   0.06653000   0.01457000   0.00000000 
 -6.81430000   0.06591000   0.01436000   0.00000000 
 -6.78930000   0.06555000   0.01416000   0.00000000 
 -6.76430000   0.06349000   0.01366000   0.00000000 
 -6.73930000   0.06103000   0.01308000   0.00000000 
 -6.71430000   0.05919000   0.01264000   0.00000000 
 -6.69030000   0.05735000   0.01220000   0.00000000 
 -6.66530000   0.05607000   0.01186000   0.00000000 
 -6.64030000   0.05494000   0.01154000   0.00000000 
 -6.61530000   0.05413000   0.01124000   0.00000000 
 -6.59030000   0.05257000   0.01086000   0.00000000 
 -6.56530000   0.05332000   0.01090000   0.00000000 
 -6.54130000   0.06197000   0.01245000   0.00000000 
 -6.51630000   0.05593000   0.01111000   0.00000000 
 -6.49130000   0.04664000   0.00918000   0.00000000 
 -6.46630000   0.03355000   0.00655500   0.00000000 
 -6.44130000   0.02039000   0.00394000   0.00000000 
 -6.41630000   0.00000000   0.00000000   0.00000000 
 -6.39130000   0.00000000   0.00000000   0.00000000 
 -6.36730000   0.00000000   0.00000000   0.00000000 
 -6.34230000   0.00000000   0.00000000   0.00000000 
 -6.31730000   0.00000000   0.00000000   0.00000000 
 -6.29230000   0.00000000   0.00000000   0.00000000 
 -6.26730000   0.00000000   0.00000000   0.00000000 
 -6.24230000   0.00100300   0.00342500   0.00000000 
 -6.21830000   0.00122700   0.00392000   0.00000000 
 -6.19330000   0.00128800   0.00422100   0.00000000 
 -6.16830000   0.00121200   0.00403800   0.00000000 
 -6.14330000   0.00102600   0.00371600   0.00000000 
 -6.11830000   0.00094330   0.00365100   0.00000000 
 -6.09330000   0.00230600   0.00553200   0.00000000 
 -6.06830000   0.00255600   0.00596600   0.00000000 
 -6.04430000   0.00277200   0.00637900   0.00000000 
 -6.01930000   0.00289100   0.00677000   0.00000000 
 -5.99430000   0.00305400   0.00722200   0.00000000 
 -5.96930000   0.00319000   0.00749900   0.00000000 
 -5.94430000   0.00342600   0.00797300   0.00000000 
 -5.91930000   0.00367300   0.00848900   0.00000000 
 -5.89530000   0.00391700   0.00910400   0.00000000 
 -5.87030000   0.00417100   0.00986100   0.00000000 
 -5.84530000   0.00440500   0.01070000   0.00000000 
 -5.82030000   0.00464700   0.01144000   0.00000000 
 -5.79530000   0.00488400   0.01216000   0.00000000 
 -5.77030000   0.00513200   0.01341000   0.00000000 
 -5.74530000   0.00551600   0.01535000   0.00000000 
 -5.72130000   0.00589800   0.01723000   0.00000000 
 -5.69630000   0.00635700   0.01952000   0.00000000 
 -5.67130000   0.00694700   0.02247000   0.00000000 
 -5.64630000   0.02425000   0.13440000   0.00000000 
 -5.62130000   0.04457000   0.23980000   0.00000000 
 -5.59630000   0.04556000   0.26410000   0.00000000 
 -5.57230000   0.03994000   0.28140000   0.00000000 
 -5.54730000   0.02920000   0.20930000   0.00000000 
 -5.52230000   0.02465000   0.16310000   0.00000000 
 -5.49730000   0.02320000   0.13840000   0.00000000 
 -5.47230000   0.02591000   0.17520000   0.00000000 
 -5.44730000   0.03473000   0.29230000   0.00000000 
 -5.42230000   0.02860000   0.20800000   0.00000000 
 -5.39830000   0.03659000   0.27310000   0.00000000 
 -5.37330000   0.03423000   0.26720000   0.00000000 
 -5.34830000   0.02758000   0.22390000   0.00000000 
 -5.32330000   0.02625000   0.22490000   0.00000000 
 -5.29830000   0.02459000   0.22840000   0.00000000 
 -5.27330000   0.02281000   0.22960000   0.00000000 
 -5.24930000   0.02290000   0.24930000   0.00000000 
 -5.22430000   0.02377000   0.25250000   0.00000000 
 -5.19930000   0.02744000   0.28200000   0.00000000 
 -5.17430000   0.03199000   0.27790000   0.00000000 
 -5.14930000   0.02227000   0.17890000   0.00000000 
 -5.12430000   0.02749000   0.20040000   0.00000000 
 -5.09930000   0.01916000   0.13920000   0.00000000 
 -5.07530000   0.01559000   0.13590000   0.00000000 
 -5.05030000   0.01517000   0.14200000   0.00000000 
 -5.02530000   0.01470000   0.14730000   0.00000000 
 -5.00030000   0.01467000   0.12340000   0.00000000 
 -4.97530000   0.01453000   0.11400000   0.00000000 
 -4.95030000   0.01370000   0.11120000   0.00000000 
 -4.92630000   0.01078000   0.09720000   0.00000000 
 -4.90130000   0.00730200   0.07486000   0.00000000 
 -4.87630000   0.00481000   0.04088000   0.00000000 
 -4.85130000   0.00759600   0.04259000   0.00000000 
 -4.82630000   0.01836000   0.05415000   0.00000000 
 -4.80130000   0.04750000   0.09096000   0.00000000 
 -4.77630000   0.04060000   0.08616000   0.00000000 
 -4.75230000   0.03769000   0.08581000   0.00000000 
 -4.72730000   0.03902000   0.09071000   0.00000000 
 -4.70230000   0.04751000   0.10780000   0.00000000 
 -4.67730000   0.03532000   0.09140000   0.00000000 
 -4.65230000   0.03245000   0.08819000   0.00000000 
 -4.62730000   0.03140000   0.10740000   0.00000000 
 -4.60330000   0.03489000   0.12170000   0.00000000 
 -4.57830000   0.04215000   0.14250000   0.00000000 
 -4.55330000   0.04351000   0.15420000   0.00000000 
 -4.52830000   0.04757000   0.18740000   0.00000000 
 -4.50330000   0.05640000   0.26140000   0.00000000 
 -4.47830000   0.04432000   0.22760000   0.00000000 
 -4.45330000   0.04114000   0.23010000   0.00000000 
 -4.42930000   0.03906000   0.23800000   0.00000000 
 -4.40430000   0.03784000   0.25320000   0.00000000 
 -4.37930000   0.04255000   0.29650000   0.00000000 
 -4.35430000   0.04154000   0.31980000   0.00000000 
 -4.32930000   0.03468000   0.29260000   0.00000000 
 -4.30430000   0.03898000   0.33220000   0.00000000 
 -4.28030000   0.05340000   0.48950000   0.00000000 
 -4.25530000   0.04587000   0.39370000   0.00000000 
 -4.23030000   0.04543000   0.37000000   0.00000000 
 -4.20530000   0.04476000   0.42470000   0.00000000 
 -4.18030000   0.04766000   0.38570000   0.00000000 
 -4.15530000   0.04261000   0.30080000   0.00000000 
 -4.13030000   0.03125000   0.25370000   0.00000000 
 -4.10630000   0.01250000   0.19860000   0.00000000 
 -4.08130000   0.01073000   0.16840000   0.00000000 
 -4.05630000   0.00980900   0.15980000   0.00000000 
 -4.03130000   0.00915900   0.15340000   0.00000000 
 -4.00630000   0.00875700   0.14990000   0.00000000 
 -3.98130000   0.00826800   0.14530000   0.00000000 
 -3.95730000   0.00842800   0.14450000   0.00000000 
 -3.93230000   0.01470000   0.18100000   0.00000000 
 -3.90730000   0.02143000   0.21980000   0.00000000 
 -3.88230000   0.02092000   0.22630000   0.00000000 
 -3.85730000   0.01769000   0.20650000   0.00000000 
 -3.83230000   0.02104000   0.23860000   0.00000000 
 -3.80730000   0.01966000   0.22890000   0.00000000 
 -3.78330000   0.02021000   0.23500000   0.00000000 
 -3.75830000   0.02553000   0.28330000   0.00000000 
 -3.73330000   0.02160000   0.19560000   0.00000000 
 -3.70830000   0.02140000   0.20040000   0.00000000 
 -3.68330000   0.02295000   0.21540000   0.00000000 
 -3.65830000   0.02594000   0.24380000   0.00000000 
 -3.63330000   0.03173000   0.26380000   0.00000000 
 -3.60930000   0.03393000   0.32670000   0.00000000 
 -3.58430000   0.03629000   0.32100000   0.00000000 
 -3.55930000   0.03330000   0.22930000   0.00000000 
 -3.53430000   0.03304000   0.20780000   0.00000000 
 -3.50930000   0.03277000   0.22490000   0.00000000 
 -3.48430000   0.03691000   0.27900000   0.00000000 
 -3.46030000   0.04103000   0.33790000   0.00000000 
 -3.43530000   0.03935000   0.31370000   0.00000000 
 -3.41030000   0.03796000   0.31190000   0.00000000 
 -3.38530000   0.03482000   0.30660000   0.00000000 
 -3.36030000   0.03270000   0.29890000   0.00000000 
 -3.33530000   0.03319000   0.30450000   0.00000000 
 -3.31030000   0.03249000   0.26860000   0.00000000 
 -3.28630000   0.03733000   0.31460000   0.00000000 
 -3.26130000   0.03313000   0.26820000   0.00000000 
 -3.23630000   0.03198000   0.26020000   0.00000000 
 -3.21130000   0.02863000   0.25390000   0.00000000 
 -3.18630000   0.02217000   0.24230000   0.00000000 
 -3.16130000   0.01836000   0.24500000   0.00000000 
 -3.13730000   0.01442000   0.21200000   0.00000000 
 -3.11230000   0.01353000   0.20260000   0.00000000 
 -3.08730000   0.01365000   0.20960000   0.00000000 
 -3.06230000   0.01512000   0.22610000   0.00000000 
 -3.03730000   0.01517000   0.23010000   0.00000000 
 -3.01230000   0.01532000   0.23570000   0.00000000 
 -2.98730000   0.01475000   0.23320000   0.00000000 
 -2.96330000   0.01432000   0.23200000   0.00000000 
 -2.93830000   0.01315000   0.22860000   0.00000000 
 -2.91330000   0.01269000   0.23640000   0.00000000 
 -2.88830000   0.01562000   0.27820000   0.00000000 
 -2.86330000   0.01839000   0.35440000   0.00000000 
 -2.83830000   0.01989000   0.27570000   0.00000000 
 -2.81430000   0.02454000   0.30190000   0.00000000 
 -2.78930000   0.02770000   0.31890000   0.00000000 
 -2.76430000   0.02667000   0.39630000   0.00000000 
 -2.73930000   0.02382000   0.32200000   0.00000000 
 -2.71430000   0.02309000   0.30300000   0.00000000 
 -2.68930000   0.02357000   0.29430000   0.00000000 
 -2.66430000   0.02481000   0.30180000   0.00000000 
 -2.64030000   0.02719000   0.32370000   0.00000000 
 -2.61530000   0.02837000   0.31130000   0.00000000 
 -2.59030000   0.02700000   0.29900000   0.00000000 
 -2.56530000   0.03182000   0.32550000   0.00000000 
 -2.54030000   0.01983000   0.23060000   0.00000000 
 -2.51530000   0.01873000   0.18970000   0.00000000 
 -2.49130000   0.01851000   0.19120000   0.00000000 
 -2.46630000   0.01860000   0.20020000   0.00000000 
 -2.44130000   0.01771000   0.19830000   0.00000000 
 -2.41630000   0.01301000   0.20250000   0.00000000 
 -2.39130000   0.01281000   0.21710000   0.00000000 
 -2.36630000   0.01325000   0.14390000   0.00000000 
 -2.34130000   0.01386000   0.14770000   0.00000000 
 -2.31730000   0.01449000   0.15110000   0.00000000 
 -2.29230000   0.01604000   0.16760000   0.00000000 
 -2.26730000   0.01689000   0.17390000   0.00000000 
 -2.24230000   0.01736000   0.17760000   0.00000000 
 -2.21730000   0.01725000   0.17700000   0.00000000 
 -2.19230000   0.01693000   0.16390000   0.00000000 
 -2.16830000   0.01716000   0.16370000   0.00000000 
 -2.14330000   0.01758000   0.16430000   0.00000000 
 -2.11830000   0.01785000   0.16370000   0.00000000 
 -2.09330000   0.01783000   0.16440000   0.00000000 
 -2.06830000   0.01846000   0.17390000   0.00000000 
 -2.04330000   0.02144000   0.19430000   0.00000000 
 -2.01830000   0.02167000   0.19920000   0.00000000 
 -1.99430000   0.02443000   0.22000000   0.00000000 
 -1.96930000   0.03244000   0.24210000   0.00000000 
 -1.94430000   0.03279000   0.24010000   0.00000000 
 -1.91930000   0.03426000   0.25560000   0.00000000 
 -1.89430000   0.04279000   0.35040000   0.00000000 
 -1.86930000   0.03954000   0.33790000   0.00000000 
 -1.84530000   0.03378000   0.29120000   0.00000000 
 -1.82030000   0.02501000   0.20510000   0.00000000 
 -1.79530000   0.02371000   0.18670000   0.00000000 
 -1.77030000   0.02276000   0.17620000   0.00000000 
 -1.74530000   0.02137000   0.16390000   0.00000000 
 -1.72030000   0.01894000   0.14680000   0.00000000 
 -1.69530000   0.01738000   0.13250000   0.00000000 
 -1.67130000   0.02169000   0.17340000   0.00000000 
 -1.64630000   0.02197000   0.18050000   0.00000000 
 -1.62130000   0.02353000   0.19320000   0.00000000 
 -1.59630000   0.02220000   0.17600000   0.00000000 
 -1.57130000   0.02075000   0.17680000   0.00000000 
 -1.54630000   0.01828000   0.15240000   0.00000000 
 -1.52230000   0.01861000   0.15850000   0.00000000 
 -1.49730000   0.02136000   0.18060000   0.00000000 
 -1.47230000   0.02278000   0.19890000   0.00000000 
 -1.44730000   0.02252000   0.20760000   0.00000000 
 -1.42230000   0.02335000   0.22040000   0.00000000 
 -1.39730000   0.04802000   0.50880000   0.00000000 
 -1.37230000   0.04053000   0.44490000   0.00000000 
 -1.34830000   0.03035000   0.32270000   0.00000000 
 -1.32330000   0.03233000   0.35660000   0.00000000 
 -1.29830000   0.03247000   0.35350000   0.00000000 
 -1.27330000   0.03111000   0.32900000   0.00000000 
 -1.24830000   0.02594000   0.26000000   0.00000000 
 -1.22330000   0.02027000   0.20610000   0.00000000 
 -1.19930000   0.02256000   0.25010000   0.00000000 
 -1.17430000   0.01981000   0.21440000   0.00000000 
 -1.14930000   0.01888000   0.20160000   0.00000000 
 -1.12430000   0.02116000   0.24790000   0.00000000 
 -1.09930000   0.02168000   0.27880000   0.00000000 
 -1.07430000   0.01557000   0.13060000   0.00000000 
 -1.04930000   0.01695000   0.12750000   0.00000000 
 -1.02530000   0.02068000   0.14550000   0.00000000 
 -1.00030000   0.01115000   0.07831000   0.00000000 
 -0.97530000   0.01169000   0.07793000   0.00000000 
 -0.95030000   0.02302000   0.13920000   0.00000000 
 -0.92530000   0.01866000   0.11060000   0.00000000 
 -0.90030000   0.01909000   0.11300000   0.00000000 
 -0.87530000   0.02635000   0.16600000   0.00000000 
 -0.85130000   0.02213000   0.13710000   0.00000000 
 -0.82630000   0.02374000   0.15130000   0.00000000 
 -0.80130000   0.02508000   0.15260000   0.00000000 
 -0.77630000   0.03614000   0.19410000   0.00000000 
 -0.75130000   0.03978000   0.20800000   0.00000000 
 -0.72630000   0.05040000   0.26880000   0.00000000 
 -0.70230000   0.04585000   0.22790000   0.00000000 
 -0.67730000   0.04283000   0.22080000   0.00000000 
 -0.65230000   0.04433000   0.22350000   0.00000000 
 -0.62730000   0.05370000   0.24500000   0.00000000 
 -0.60230000   0.05654000   0.24210000   0.00000000 
 -0.57730000   0.04478000   0.18310000   0.00000000 
 -0.55230000   0.04551000   0.18250000   0.00000000 
 -0.52830000   0.04752000   0.18740000   0.00000000 
 -0.50330000   0.05281000   0.20870000   0.00000000 
 -0.47830000   0.06044000   0.23340000   0.00000000 
 -0.45330000   0.04887000   0.18040000   0.00000000 
 -0.42830000   0.04456000   0.16020000   0.00000000 
 -0.40330000   0.03564000   0.12580000   0.00000000 
 -0.37930000   0.03805000   0.13050000   0.00000000 
 -0.35430000   0.04581000   0.15310000   0.00000000 
 -0.32930000   0.03260000   0.10440000   0.00000000 
 -0.30430000   0.03167000   0.09468000   0.00000000 
 -0.27930000   0.02588000   0.08098000   0.00000000 
 -0.25430000   0.02424000   0.07763000   0.00000000 
 -0.22930000   0.01986000   0.07063000   0.00000000 
 -0.20530000   0.02119000   0.07697000   0.00000000 
 -0.18030000   0.01434000   0.04386000   0.00000000 
 -0.15530000   0.01236000   0.03386000   0.00000000 
 -0.13030000   0.01277000   0.03464000   0.00000000 
 -0.10530000   0.01484000   0.03975000   0.00000000 
 -0.08030000   0.01426000   0.03808000   0.00000000 
 -0.05630000   0.01265000   0.03368000   0.00000000 
 -0.03130000   0.01439000   0.03823000   0.00000000 
 -0.00630000   0.00000000   0.00000000   0.00000000 
  0.01870000   0.00000000   0.00000000   0.00000000 
  0.04370000   0.00000000   0.00000000   0.00000000 
  0.06870000   0.00000000   0.00000000   0.00000000 
  0.09370000   0.00000000   0.00000000   0.00000000 
  0.11770000   0.00000000   0.00000000   0.00000000 
  0.14270000   0.00004793   0.00054990   0.00000000 
  0.16770000   0.00016330   0.00173000   0.00000000 
  0.19270000   0.00029440   0.00289700   0.00000000 
  0.21770000   0.00046630   0.00341900   0.00000000 
  0.24270000   0.00064250   0.00389700   0.00000000 
  0.26670000   0.00082190   0.00435200   0.00000000 
  0.29170000   0.00121700   0.00389700   0.00000000 
  0.31670000   0.00172500   0.00380900   0.00000000 
  0.34170000   0.00227400   0.00399100   0.00000000 
  0.36670000   0.00293900   0.00433500   0.00000000 
  0.39170000   0.00367200   0.00464900   0.00000000 
  0.41670000   0.00485800   0.00484500   0.00000000 
  0.44070000   0.06170000   0.02422000   0.00000000 
  0.46570000   0.02222000   0.01290000   0.00000000 
  0.49070000   0.02939000   0.01343000   0.00000000 
  0.51570000   0.02496000   0.01158000   0.00000000 
  0.54070000   0.02360000   0.01174000   0.00000000 
  0.56570000   0.02535000   0.01515000   0.00000000 
  0.58970000   0.02345000   0.01523000   0.00000000 
  0.61470000   0.02166000   0.01515000   0.00000000 
  0.63970000   0.02048000   0.01519000   0.00000000 
  0.66470000   0.01858000   0.01485000   0.00000000 
  0.68970000   0.01657000   0.01483000   0.00000000 
  0.71470000   0.01544000   0.01478000   0.00000000 
  0.73970000   0.01518000   0.01515000   0.00000000 
  0.76370000   0.01516000   0.01593000   0.00000000 
  0.78870000   0.01512000   0.01661000   0.00000000 
  0.81370000   0.01532000   0.01738000   0.00000000 
  0.83870000   0.01538000   0.01802000   0.00000000 
  0.86370000   0.01508000   0.01856000   0.00000000 
  0.88870000   0.01529000   0.01940000   0.00000000 
  0.91270000   0.02007000   0.02699000   0.00000000 
  0.93770000   0.02024000   0.02731000   0.00000000 
  0.96270000   0.01332000   0.01828000   0.00000000 
  0.98770000   0.01241000   0.01729000   0.00000000 
  1.01270000   0.01203000   0.01706000   0.00000000 
  1.03770000   0.01201000   0.01721000   0.00000000 
  1.06270000   0.01199000   0.01732000   0.00000000 
  1.08670000   0.01185000   0.01726000   0.00000000 
  1.11170000   0.01225000   0.01829000   0.00000000 
  1.13670000   0.01297000   0.01966000   0.00000000 
  1.16170000   0.01362000   0.02080000   0.00000000 
  1.18670000   0.01434000   0.02192000   0.00000000 
  1.21170000   0.01602000   0.02567000   0.00000000 
  1.23570000   0.01643000   0.02750000   0.00000000 
  1.26070000   0.01652000   0.02722000   0.00000000 
  1.28570000   0.01677000   0.02725000   0.00000000 
  1.31070000   0.01705000   0.02795000   0.00000000 
  1.33570000   0.01970000   0.03399000   0.00000000 
  1.36070000   0.02490000   0.04573000   0.00000000 
  1.38570000   0.03522000   0.06863000   0.00000000 
  1.40970000   0.02080000   0.03831000   0.00000000 
  1.43470000   0.02106000   0.03948000   0.00000000 
  1.45970000   0.02031000   0.03969000   0.00000000 
  1.48470000   0.02338000   0.05398000   0.00000000 
  1.50970000   0.02678000   0.06550000   0.00000000 
  1.53470000   0.02608000   0.06214000   0.00000000 
  1.55870000   0.02598000   0.06233000   0.00000000 
  1.58370000   0.02729000   0.06536000   0.00000000 
  1.60870000   0.02948000   0.07271000   0.00000000 
  1.63370000   0.04131000   0.10930000   0.00000000 
  1.65870000   0.03291000   0.08252000   0.00000000 
  1.68370000   0.03243000   0.08046000   0.00000000 
  1.70870000   0.03303000   0.08027000   0.00000000 
  1.73270000   0.04330000   0.08681000   0.00000000 
  1.75770000   0.06378000   0.09664000   0.00000000 
  1.78270000   0.07727000   0.10680000   0.00000000 
  1.80770000   0.06938000   0.09459000   0.00000000 
  1.83270000   0.06804000   0.09641000   0.00000000 
  1.85770000   0.09298000   0.33550000   0.00000000 
  1.88170000   0.07189000   0.27440000   0.00000000 
  1.90670000   0.06429000   0.31650000   0.00000000 
  1.93170000   0.06140000   0.35360000   0.00000000 
  1.95670000   0.05351000   0.55790000   0.00000000 
  1.98170000   0.04371000   0.39160000   0.00000000 
  2.00670000   0.03699000   0.27760000   0.00000000 
  2.03170000   0.03382000   0.23780000   0.00000000 
  2.05570000   0.02861000   0.17130000   0.00000000 
  2.08070000   0.02689000   0.16430000   0.00000000 
  2.10570000   0.02521000   0.16010000   0.00000000 
  2.13070000   0.02143000   0.14140000   0.00000000 
  2.15570000   0.01855000   0.10700000   0.00000000 
  2.18070000   0.02023000   0.10320000   0.00000000 
  2.20570000   0.03377000   0.19100000   0.00000000 
  2.22970000   0.03403000   0.17030000   0.00000000 
  2.25470000   0.03474000   0.16630000   0.00000000 
  2.27970000   0.03864000   0.16510000   0.00000000 
  2.30470000   0.03672000   0.16510000   0.00000000 
  2.32970000   0.05061000   0.23680000   0.00000000 
  2.35470000   0.05996000   0.25120000   0.00000000 
  2.37870000   0.05772000   0.22270000   0.00000000 
  2.40370000   0.05738000   0.21600000   0.00000000 
  2.42870000   0.05089000   0.18520000   0.00000000 
  2.45370000   0.04340000   0.16690000   0.00000000 
  2.47870000   0.03939000   0.14600000   0.00000000 
  2.50370000   0.04023000   0.13690000   0.00000000 
  2.52870000   0.04099000   0.12980000   0.00000000 
  2.55270000   0.04832000   0.16550000   0.00000000 
  2.57770000   0.04888000   0.16070000   0.00000000 
  2.60270000   0.05388000   0.16560000   0.00000000 
  2.62770000   0.05104000   0.16470000   0.00000000 
  2.65270000   0.05270000   0.17210000   0.00000000 
  2.67770000   0.05943000   0.22020000   0.00000000 
  2.70170000   0.06071000   0.21590000   0.00000000 
  2.72670000   0.05429000   0.19190000   0.00000000 
  2.75170000   0.06616000   0.20930000   0.00000000 
  2.77670000   0.06031000   0.20190000   0.00000000 
  2.80170000   0.06314000   0.23050000   0.00000000 
  2.82670000   0.05858000   0.22200000   0.00000000 
  2.85170000   0.04512000   0.20160000   0.00000000 
  2.87570000   0.04713000   0.21330000   0.00000000 
  2.90070000   0.04412000   0.21180000   0.00000000 
  2.92570000   0.04488000   0.24420000   0.00000000 
  2.95070000   0.04360000   0.24590000   0.00000000 
  2.97570000   0.04061000   0.22960000   0.00000000 
  3.00070000   0.04438000   0.24010000   0.00000000 
  3.02470000   0.04533000   0.25040000   0.00000000 
  3.04970000   0.04598000   0.26220000   0.00000000 
  3.07470000   0.03844000   0.23200000   0.00000000 
  3.09970000   0.03384000   0.21270000   0.00000000 
  3.12470000   0.03654000   0.22660000   0.00000000 
  3.14970000   0.04009000   0.24830000   0.00000000 
  3.17470000   0.04102000   0.27230000   0.00000000 
  3.19870000   0.05749000   0.36900000   0.00000000 
  3.22370000   0.02476000   0.21690000   0.00000000 
  3.24870000   0.01741000   0.15620000   0.00000000 
  3.27370000   0.01191000   0.11080000   0.00000000 
  3.29870000   0.01016000   0.08753000   0.00000000 
  3.32370000   0.00952400   0.08559000   0.00000000 
  3.34770000   0.00955000   0.08930000   0.00000000 
  3.37270000   0.01025000   0.09976000   0.00000000 
  3.39770000   0.01173000   0.11980000   0.00000000 
  3.42270000   0.01206000   0.12870000   0.00000000 
  3.44770000   0.01242000   0.13430000   0.00000000 
  3.47270000   0.01283000   0.13850000   0.00000000 
  3.49770000   0.01406000   0.15350000   0.00000000 
  3.52170000   0.01063000   0.10230000   0.00000000 
  3.54670000   0.00868700   0.08071000   0.00000000 
  3.57170000   0.00754800   0.06570000   0.00000000 
  3.59670000   0.00654000   0.05978000   0.00000000 
  3.62170000   0.00627400   0.05840000   0.00000000 
  3.64670000   0.00717300   0.06663000   0.00000000 
  3.67070000   0.00981500   0.08870000   0.00000000 
  3.69570000   0.00866200   0.07503000   0.00000000 
  3.72070000   0.00753500   0.06307000   0.00000000 
  3.74570000   0.00729300   0.06193000   0.00000000 
  3.77070000   0.00751100   0.06365000   0.00000000 
  3.79570000   0.00872400   0.06895000   0.00000000 
  3.82070000   0.00507700   0.04097000   0.00000000 
  3.84470000   0.00252500   0.02412000   0.00000000 
  3.86970000   0.00073660   0.01181000   0.00000000 
  3.89470000   0.00055970   0.00933800   0.00000000 
  3.91970000   0.00039340   0.00683900   0.00000000 
  3.94470000   0.00023780   0.00431300   0.00000000 
  3.96970000   0.00009276   0.00175800   0.00000000 
  3.99370000   0.00000000   0.00000000   0.00000000 
  4.01870000   0.00000000   0.00000000   0.00000000 
  4.04370000   0.00000000   0.00000000   0.00000000 
  4.06870000   0.00000000   0.00000000   0.00000000 
  4.09370000   0.00000000   0.00000000   0.00000000 
  4.11870000   0.00000000   0.00000000   0.00000000 
  4.14370000   0.00000000   0.00000000   0.00000000 
  4.16770000   0.00000000   0.00000000   0.00000000 
  4.19270000   0.00000000   0.00000000   0.00000000 
  4.21770000   0.00000000   0.00000000   0.00000000 
  4.24270000   0.00000000   0.00000000   0.00000000 
  4.26770000   0.00000000   0.00000000   0.00000000 
  4.29270000   0.00000000   0.00000000   0.00000000 
  4.31670000   0.00000000   0.00000000   0.00000000 
  4.34170000   0.00000000   0.00000000   0.00000000 
  4.36670000   0.00000000   0.00000000   0.00000000 
  4.39170000   0.00000000   0.00000000   0.00000000 
  4.41670000   0.00000000   0.00000000   0.00000000 
  4.44170000   0.00000000   0.00000000   0.00000000 
  4.46670000   0.00000000   0.00000000   0.00000000 
  4.49070000   0.00000000   0.00000000   0.00000000 
  4.51570000   0.00000000   0.00000000   0.00000000 
  4.54070000   0.00000000   0.00000000   0.00000000 
  4.56570000   0.00000000   0.00000000   0.00000000 
  4.59070000   0.00000000   0.00000000   0.00000000 
  4.61570000   0.00000000   0.00000000   0.00000000 
  4.63970000   0.00000000   0.00000000   0.00000000 
  4.66470000   0.00000000   0.00000000   0.00000000 
  4.68970000   0.00000000   0.00000000   0.00000000 
  4.71470000   0.00000000   0.00000000   0.00000000 
  4.73970000   0.00000000   0.00000000   0.00000000 
  4.76470000   0.00000000   0.00000000   0.00000000 
  4.78970000   0.00000000   0.00000000   0.00000000 
  4.81370000   0.00000000   0.00000000   0.00000000 
  4.83870000   0.00000000   0.00000000   0.00000000 
  4.86370000   0.00000000   0.00000000   0.00000000 
  4.88870000   0.00000000   0.00000000   0.00000000 
