  -14.9643000    0.0000000    0.0000000    0.0000000
  -14.9393000    0.0000000    0.0000000    0.0000000
  -14.9143000    0.0000000    0.0000000    0.0000000
  -14.8893000    0.0000000    0.0000000    0.0000000
  -14.8643000    0.0000000    0.0000000    0.0000000
  -14.8393000    0.0000000    0.0000000    0.0000000
  -14.8153000    0.0000000    0.0000000    0.0000000
  -14.7903000    0.0000000    0.0000000    0.0000000
  -14.7653000    0.0000000    0.0000000    0.0000000
  -14.7403000    0.0000000    0.0000000    0.0000000
  -14.7153000    0.0000000    0.0000000    0.0000000
  -14.6903000    0.0000000    0.0000000    0.0000000
  -14.6653000    0.0000000    0.0000000    0.0000000
  -14.6413000    0.0000000    0.0000000    0.0000000
  -14.6163000    0.0000000    0.0000000    0.0000000
  -14.5913000    0.0000000    0.0000000    0.0000000
  -14.5663000    0.0000000    0.0000000    0.0000000
  -14.5413000    0.0000000    0.0000000    0.0000000
  -14.5163000    0.0000000    0.0000000    0.0000000
  -14.4923000    0.0000000    0.0000000    0.0000000
  -14.4673000    0.0000000    0.0000000    0.0000000
  -14.4423000    0.0000000    0.0000000    0.0000000
  -14.4173000    0.0000000    0.0000000    0.0000000
  -14.3923000    0.0000000    0.0000000    0.0000000
  -14.3673000    0.0000000    0.0000000    0.0000000
  -14.3423000    0.0000000    0.0000000    0.0000000
  -14.3183000    0.0000000    0.0000000    0.0000000
  -14.2933000    0.0000000    0.0000000    0.0000000
  -14.2683000    0.0000000    0.0000000    0.0000000
  -14.2433000    0.0000000    0.0000000    0.0000000
  -14.2183000    0.0000000    0.0000000    0.0000000
  -14.1933000    0.0000000    0.0000000    0.0000000
  -14.1693000    0.0000000    0.0000000    0.0000000
  -14.1443000    0.0000000    0.0000000    0.0000000
  -14.1193000    0.0000000    0.0000000    0.0000000
  -14.0943000    0.0000000    0.0000000    0.0000000
  -14.0693000    0.0000000    0.0000000    0.0000000
  -14.0443000    0.6298400    0.0359040    0.0009892
  -14.0193000    0.5432800    0.0330110    0.0008666
  -13.9953000    0.6147500    0.0390860    0.0009946
  -13.9703000    0.6035000    0.0407920    0.0009977
  -13.9453000    0.6387300    0.0455800    0.0010800
  -13.9203000    0.6903200    0.0515100    0.0011940
  -13.8953000    0.7916400    0.0621500    0.0014070
  -13.8703000    0.9970100    0.0845800    0.0018460
  -13.8463000    0.7388000    0.0627500    0.0013960
  -13.8213000    0.6785900    0.0583600    0.0013050
  -13.7963000    0.5649500    0.0485800    0.0011070
  -13.7713000    0.5475000    0.0476100    0.0010890
  -13.7463000    0.5080900    0.0453000    0.0010380
  -13.7213000    0.4748500    0.0430000    0.0009914
  -13.6963000    0.4317900    0.0395600    0.0009233
  -13.6723000    0.4230400    0.0392200    0.0009193
  -13.6473000    0.4142800    0.0388300    0.0009146
  -13.6223000    0.4048200    0.0383300    0.0009080
  -13.5973000    0.3836900    0.0370300    0.0008841
  -13.5723000    0.3560600    0.0350230    0.0008468
  -13.5473000    0.3495700    0.0348430    0.0008470
  -13.5233000    0.3438800    0.0346790    0.0008477
  -13.4983000    0.3382900    0.0344940    0.0008485
  -13.4733000    0.3324600    0.0342280    0.0008480
  -13.4483000    0.3254600    0.0338580    0.0008453
  -13.4233000    0.3114600    0.0327820    0.0008297
  -13.3983000    0.3029500    0.0325130    0.0008307
  -13.3733000    0.2978100    0.0324090    0.0008346
  -13.3493000    0.2938300    0.0323260    0.0008392
  -13.3243000    0.2900100    0.0322370    0.0008437
  -13.2993000    0.2862300    0.0321360    0.0008479
  -13.2743000    0.2821940    0.0319650    0.0008514
  -13.2493000    0.2767810    0.0316590    0.0008526
  -13.2243000    0.2703000    0.0312340    0.0008520
  -13.2003000    0.2699910    0.0313710    0.0008603
  -13.1753000    0.3834000    0.0449100    0.0012400
  -13.1503000    0.2997900    0.0357570    0.0010010
  -13.1253000    0.2565110    0.0310880    0.0008813
  -13.1003000    0.2319550    0.0284930    0.0008183
  -13.0753000    0.2168120    0.0269930    0.0007859
  -13.0503000    0.2281480    0.0288110    0.0008522
  -13.0263000    0.0511573    0.0065620    0.0001978
  -13.0013000    0.0000000    0.0000000    0.0000000
  -12.9763000    0.0000000    0.0000000    0.0000000
  -12.9513000    0.3271900    0.0415600    0.0012680
  -12.9263000    0.2277420    0.0293230    0.0009086
  -12.9013000    0.2139650    0.0279170    0.0008834
  -12.8773000    0.2266810    0.0299380    0.0009668
  -12.8523000    0.2603210    0.0347320    0.0011430
  -12.8273000    0.2851370    0.0381860    0.0012610
  -12.8023000    0.6895660    0.0936300    0.0031660
  -12.7773000    0.2283540    0.0310240    0.0010650
  -12.7523000    0.2280550    0.0311000    0.0010760
  -12.7273000    0.2277660    0.0311650    0.0010860
  -12.7033000    0.2273330    0.0313860    0.0011160
  -12.6783000    0.2269030    0.0316170    0.0011510
  -12.6533000    0.2264830    0.0317770    0.0011780
  -12.6283000    0.2260260    0.0319150    0.0012040
  -12.6033000    0.2256580    0.0320440    0.0012300
  -12.5783000    0.2253360    0.0321600    0.0012580
  -12.5533000    0.2250190    0.0323400    0.0013010
  -12.5293000    0.2246770    0.0323710    0.0013150
  -12.5043000    0.2243360    0.0323920    0.0013280
  -12.4793000    0.2238950    0.0324230    0.0013420
  -12.4543000    0.2261130    0.0329570    0.0014060
  -12.4293000    0.2283040    0.0334740    0.0014710
  -12.4043000    0.2297500    0.0338200    0.0015210
  -12.3803000    0.2311020    0.0341360    0.0015700
  -12.3553000    0.2325480    0.0344420    0.0016200
  -12.3303000    0.2344870    0.0348240    0.0016790
  -12.3053000    0.2369840    0.0352780    0.0017480
  -12.2803000    0.2364790    0.0352340    0.0017680
  -12.2553000    0.2359840    0.0351800    0.0017870
  -12.2303000    0.2430170    0.0363240    0.0019210
  -12.2063000    0.2499920    0.0374210    0.0020560
  -12.1813000    0.2549490    0.0381710    0.0021620
  -12.1563000    0.2593290    0.0388250    0.0022610
  -12.1313000    0.2640030    0.0394840    0.0023630
  -12.1063000    0.2705140    0.0403990    0.0024890
  -12.0813000    0.2765050    0.0412030    0.0026100
  -12.0573000    0.2837000    0.0421740    0.0027620
  -12.0323000    0.3073680    0.0454360    0.0031650
  -12.0073000    0.3201630    0.0471100    0.0034090
  -11.9823000    0.3309310    0.0484500    0.0036240
  -11.9573000    0.3413570    0.0497200    0.0038350
  -11.9323000    0.3814780    0.0549600    0.0045010
  -11.9073000    0.4608120    0.0653200    0.0057610
  -11.8833000    0.4927950    0.0691200    0.0063620
  -11.8583000    0.7698000    0.1044800    0.0108500
  -11.8333000    0.5904400    0.0806700    0.0081490
  -11.8083000    0.4841470    0.0666100    0.0065530
  -11.7833000    0.4403950    0.0608500    0.0059010
  -11.7583000    0.4048630    0.0560070    0.0053970
  -11.7343000    0.3578010    0.0495510    0.0047750
  -11.7093000    0.3445100    0.0477540    0.0046090
  -11.6843000    0.2329290    0.0322860    0.0031290
  -11.6593000    0.0000000    0.0000000    0.0000000
  -11.6343000    0.0000000    0.0000000    0.0000000
  -11.6093000    0.0000000    0.0000000    0.0000000
  -11.5843000    0.0000000    0.0000000    0.0000000
  -11.5603000    0.0000000    0.0000000    0.0000000
  -11.5353000    0.0000000    0.0000000    0.0000000
  -11.5103000    0.0000000    0.0000000    0.0000000
  -11.4853000    0.0000000    0.0000000    0.0000000
  -11.4603000    0.0000000    0.0000000    0.0000000
  -11.4353000    0.0000000    0.0000000    0.0000000
  -11.4113000    0.0000000    0.0000000    0.0000000
  -11.3863000    0.0000000    0.0000000    0.0000000
  -11.3613000    0.0000000    0.0000000    0.0000000
  -11.3363000    0.0000000    0.0000000    0.0000000
  -11.3113000    0.0000000    0.0000000    0.0000000
  -11.2863000    0.0000000    0.0000000    0.0000000
  -11.2613000    0.0000000    0.0000000    0.0000000
  -11.2373000    0.0000000    0.0000000    0.0000000
  -11.2123000    0.0000000    0.0000000    0.0000000
  -11.1873000    0.0000000    0.0000000    0.0000000
  -11.1623000    0.0000000    0.0000000    0.0000000
  -11.1373000    0.0000000    0.0000000    0.0000000
  -11.1123000    0.0000000    0.0000000    0.0000000
  -11.0883000    0.0000000    0.0000000    0.0000000
  -11.0633000    0.0000000    0.0000000    0.0000000
  -11.0383000    0.0000000    0.0000000    0.0000000
  -11.0133000    0.0000000    0.0000000    0.0000000
  -10.9883000    0.0000000    0.0000000    0.0000000
  -10.9633000    0.2188383    0.0492680    0.0022030
  -10.9383000    0.1532328    0.0363180    0.0015700
  -10.9143000    0.1815462    0.0444160    0.0018860
  -10.8893000    0.1701908    0.0438900    0.0018130
  -10.8643000    0.1710380    0.0458040    0.0018660
  -10.8393000    0.1725700    0.0481480    0.0019170
  -10.8143000    0.1771240    0.0513270    0.0020190
  -10.7893000    0.1855680    0.0550770    0.0021540
  -10.7653000    0.1803390    0.0562900    0.0021790
  -10.7403000    0.1810890    0.0591600    0.0022800
  -10.7153000    0.1847010    0.0621040    0.0023970
  -10.6903000    0.1895170    0.0653780    0.0025240
  -10.6653000    0.1954470    0.0704570    0.0026840
  -10.6403000    0.2014050    0.0746470    0.0028540
  -10.6153000    0.2041460    0.0780410    0.0030570
  -10.5913000    0.2121910    0.0837950    0.0032990
  -10.5663000    0.2235100    0.0914520    0.0036210
  -10.5413000    0.2328680    0.0975090    0.0039180
  -10.5163000    0.2424330    0.1031390    0.0042200
  -10.4913000    0.2957740    0.1311930    0.0050340
  -10.4663000    0.3018870    0.1281540    0.0055070
  -10.4423000    0.3987900    0.1586590    0.0074200
  -10.4173000    1.0881800    0.3093200    0.0203300
  -10.3923000    1.7983000    0.4656900    0.0331400
  -10.3673000    1.8798600    0.4776300    0.0324200
  -10.3423000    2.2936000    0.5914600    0.0376300
  -10.3173000    1.6996700    0.4163600    0.0293200
  -10.2923000    1.4434600    0.3426700    0.0256000
  -10.2683000    1.4611900    0.3334900    0.0261100
  -10.2433000    1.7148600    0.3644300    0.0289300
  -10.2183000    2.0067400    0.3898600    0.0293200
  -10.1933000    0.4470500    0.1536260    0.0151900
  -10.1683000    0.4032700    0.1473410    0.0157100
  -10.1433000    0.3943300    0.1646610    0.0193400
  -10.1193000    0.4312200    0.1788300    0.0229100
  -10.0943000    0.3167980    0.1458370    0.0169200
  -10.0693000    0.3306780    0.1659880    0.0182600
  -10.0443000    0.0000000    0.0000000    0.0000000
  -10.0193000    0.0000000    0.0000000    0.0000000
   -9.9943000    0.0000000    0.0000000    0.0000000
   -9.9693000    0.0000000    0.0000000    0.0000000
   -9.9453000    0.0000000    0.0000000    0.0000000
   -9.9203000    0.0000000    0.0000000    0.0000000
   -9.8953000    0.0000000    0.0000000    0.0000000
   -9.8703000    0.0000000    0.0000000    0.0000000
   -9.8453000    0.0000000    0.0000000    0.0000000
   -9.8203000    0.0000000    0.0000000    0.0000000
   -9.7953000    0.0000000    0.0000000    0.0000000
   -9.7713000    0.0000000    0.0000000    0.0000000
   -9.7463000    0.0000000    0.0000000    0.0000000
   -9.7213000    0.0000000    0.0000000    0.0000000
   -9.6963000    0.0000000    0.0000000    0.0000000
   -9.6713000    0.0000000    0.0000000    0.0000000
   -9.6463000    0.0000000    0.0000000    0.0000000
   -9.6223000    0.0000000    0.0000000    0.0000000
   -9.5973000    0.0000000    0.0000000    0.0000000
   -9.5723000    0.0000000    0.0000000    0.0000000
   -9.5473000    0.0000000    0.0000000    0.0000000
   -9.5223000    0.0000000    0.0000000    0.0000000
   -9.4973000    0.0000000    0.0000000    0.0000000
   -9.4723000    0.0000000    0.0000000    0.0000000
   -9.4483000    0.0000000    0.0000000    0.0000000
   -9.4233000    0.0000000    0.0000000    0.0000000
   -9.3983000    0.0000000    0.0000000    0.0000000
   -9.3733000    0.0000000    0.0000000    0.0000000
   -9.3483000    0.0000000    0.0000000    0.0000000
   -9.3233000    0.0000000    0.0000000    0.0000000
   -9.2993000    0.0000000    0.0000000    0.0000000
   -9.2743000    0.0000000    0.0000000    0.0000000
   -9.2493000    0.0000000    0.0000000    0.0000000
   -9.2243000    0.0000000    0.0000000    0.0000000
   -9.1993000    0.0000000    0.0000000    0.0000000
   -9.1743000    0.0000000    0.0000000    0.0000000
   -9.1493000    0.0000000    0.0000000    0.0000000
   -9.1253000    0.0000000    0.0000000    0.0000000
   -9.1003000    0.0000000    0.0000000    0.0000000
   -9.0753000    0.0000000    0.0000000    0.0000000
   -9.0503000    0.0000000    0.0000000    0.0000000
   -9.0253000    0.0000000    0.0000000    0.0000000
   -9.0003000    0.0000000    0.0000000    0.0000000
   -8.9763000    0.0000000    0.0000000    0.0000000
   -8.9513000    0.0000000    0.0000000    0.0000000
   -8.9263000    0.0000000    0.0000000    0.0000000
   -8.9013000    0.0000000    0.0000000    0.0000000
   -8.8763000    0.0000000    0.0000000    0.0000000
   -8.8513000    0.0000000    0.0000000    0.0000000
   -8.8263000    0.0000000    0.0000000    0.0000000
   -8.8023000    0.0000000    0.0000000    0.0000000
   -8.7773000    0.0000000    0.0000000    0.0000000
   -8.7523000    0.2687500    0.1183900    0.0178300
   -8.7273000    0.2497700    0.1122500    0.0150800
   -8.7023000    0.2617800    0.1193100    0.0144100
   -8.6773000    0.2776600    0.1273900    0.0139900
   -8.6533000    0.2831700    0.1303700    0.0128900
   -8.6283000    0.2930100    0.1341100    0.0121200
   -8.6033000    0.3052800    0.1380100    0.0116200
   -8.5783000    0.3224100    0.1440500    0.0114200
   -8.5533000    0.3312700    0.1454500    0.0109200
   -8.5283000    0.3401900    0.1468100    0.0105700
   -8.5033000    0.3523500    0.1488600    0.0102600
   -8.4793000    0.3717200    0.1544600    0.0102600
   -8.4543000    0.4045400    0.1641900    0.0104200
   -8.4293000    0.5121600    0.2017400    0.0110400
   -8.4043000    0.4029500    0.1588400    0.0103700
   -8.3793000    0.3777500    0.1473400    0.0102000
   -8.3543000    0.3607300    0.1411500    0.0103300
   -8.3303000    0.3682500    0.1467300    0.0113000
   -8.3053000    0.4816900    0.1814300    0.0121900
   -8.2803000    0.6190100    0.2311100    0.0147900
   -8.2553000    0.5856100    0.2262100    0.0164700
   -8.2303000    0.5435500    0.2002900    0.0130600
   -8.2053000    0.5721100    0.2024000    0.0122800
   -8.1803000    0.6159000    0.2085800    0.0119100
   -8.1563000    0.6322000    0.2131900    0.0118200
   -8.1313000    0.7112000    0.2301500    0.0115900
   -8.1063000    0.8143000    0.2617400    0.0123100
   -8.0813000    1.0812000    0.3341400    0.0148400
   -8.0563000    0.4021900    0.0919600    0.0018790
   -8.0313000    0.3802200    0.0850400    0.0017680
   -8.0073000    0.3629400    0.0796900    0.0017080
   -7.9823000    0.2968600    0.0623500    0.0013340
   -7.9573000    0.2944100    0.0614500    0.0013530
   -7.9323000    0.2919400    0.0606100    0.0013720
   -7.9073000    0.2890000    0.0597200    0.0013870
   -7.8823000    0.2851900    0.0587100    0.0013980
   -7.8573000    0.2810400    0.0576200    0.0014050
   -7.8333000    0.2758000    0.0562900    0.0014020
   -7.8083000    0.2700500    0.0548000    0.0013890
   -7.7833000    0.2651200    0.0532400    0.0013740
   -7.7583000    0.2586800    0.0512700    0.0013500
   -7.7333000    0.2540000    0.0498330    0.0013390
   -7.7083000    0.2532400    0.0496230    0.0013550
   -7.6843000    0.2521800    0.0493480    0.0013690
   -7.6593000    0.2508900    0.0490310    0.0013820
   -7.6343000    0.2496900    0.0487350    0.0013940
   -7.6093000    0.2483000    0.0483830    0.0014040
   -7.5843000    0.2541600    0.0492070    0.0014260
   -7.5593000    0.2567000    0.0495080    0.0014450
   -7.5343000    0.2574000    0.0494660    0.0014610
   -7.5103000    0.2580400    0.0493970    0.0014760
   -7.4853000    0.2571600    0.0490650    0.0014880
   -7.4603000    0.2555800    0.0484820    0.0014960
   -7.4353000    0.2541600    0.0479080    0.0015030
   -7.4103000    0.2737800    0.0512640    0.0015520
   -7.3853000    0.2831800    0.0528500    0.0015900
   -7.3613000    0.2924900    0.0544400    0.0016310
   -7.3363000    0.2959300    0.0550200    0.0016680
   -7.3113000    0.2977700    0.0553000    0.0017040
   -7.2863000    0.4163000    0.0761700    0.0019170
   -7.2613000    0.3997800    0.0732800    0.0019720
   -7.2363000    0.3415300    0.0628300    0.0019380
   -7.2113000    0.2875900    0.0531200    0.0018990
   -7.1873000    0.2689600    0.0497100    0.0018930
   -7.1623000    0.2592200    0.0477630    0.0018900
   -7.1373000    0.2494600    0.0457720    0.0018840
   -7.1123000    0.2363300    0.0430990    0.0018710
   -7.0873000    0.2230900    0.0406110    0.0018490
   -7.0623000    0.2144700    0.0389960    0.0018240
   -7.0383000    0.2072600    0.0376230    0.0018000
   -7.0133000    0.2020700    0.0365830    0.0017810
   -6.9883000    0.1968100    0.0355150    0.0017600
   -6.9633000    0.1910700    0.0343410    0.0017360
   -6.9383000    0.1838000    0.0328350    0.0017100
   -6.9133000    0.1781100    0.0317150    0.0016700
   -6.8883000    0.1725300    0.0306020    0.0016300
   -6.8643000    0.1693200    0.0298510    0.0015980
   -6.8393000    0.1661200    0.0290940    0.0015650
   -6.8143000    0.1641700    0.0284790    0.0015340
   -6.7893000    0.1626300    0.0278370    0.0015010
   -6.7643000    0.1569700    0.0267070    0.0014400
   -6.7393000    0.1503400    0.0254470    0.0013680
   -6.7143000    0.1455500    0.0245250    0.0013110
   -6.6903000    0.1407500    0.0236080    0.0012540
   -6.6653000    0.1371900    0.0228570    0.0011990
   -6.6403000    0.1339800    0.0221700    0.0011450
   -6.6153000    0.1311700    0.0214580    0.0010760
   -6.5903000    0.1271200    0.0206720    0.0010190
   -6.5653000    0.1284600    0.0206990    0.0009861
   -6.5413000    0.1483400    0.0235310    0.0010490
   -6.5163000    0.1333200    0.0209460    0.0008962
   -6.4913000    0.1108000    0.0172660    0.0007107
   -6.4663000    0.0795400    0.0123160    0.0004926
   -6.4413000    0.0481820    0.0073870    0.0002817
   -6.4163000    0.0000000    0.0000000    0.0000000
   -6.3913000    0.0000000    0.0000000    0.0000000
   -6.3673000    0.0000000    0.0000000    0.0000000
   -6.3423000    0.0000000    0.0000000    0.0000000
   -6.3173000    0.0000000    0.0000000    0.0000000
   -6.2923000    0.0000000    0.0000000    0.0000000
   -6.2673000    0.0000000    0.0000000    0.0000000
   -6.2423000    0.2834510    0.0404930    0.0043660
   -6.2183000    0.3106970    0.0458650    0.0047640
   -6.1933000    0.3233520    0.0491980    0.0048640
   -6.1683000    0.2885220    0.0458990    0.0042590
   -6.1433000    0.2449430    0.0414150    0.0034750
   -6.1183000    0.2313355    0.0404530    0.0032050
   -6.0933000    0.3179410    0.0562020    0.0049660
   -6.0683000    0.3315190    0.0598860    0.0051920
   -6.0443000    0.3418670    0.0633890    0.0053490
   -6.0193000    0.3364700    0.0649800    0.0052350
   -5.9943000    0.3267990    0.0660520    0.0051010
   -5.9693000    0.3198270    0.0667690    0.0050300
   -5.9443000    0.3254060    0.0694130    0.0051580
   -5.9193000    0.3295010    0.0720690    0.0052670
   -5.8953000    0.3315670    0.0752730    0.0053170
   -5.8703000    0.3360410    0.0787510    0.0054060
   -5.8453000    0.3386450    0.0822400    0.0054680
   -5.8203000    0.3422270    0.0855900    0.0055470
   -5.7953000    0.3457940    0.0888800    0.0056260
   -5.7703000    0.3434720    0.0926200    0.0056750
   -5.7453000    0.3489970    0.0989200    0.0058660
   -5.7213000    0.3548380    0.1051000    0.0060510
   -5.6963000    0.3609580    0.1126300    0.0062430
   -5.6713000    0.3679170    0.1217700    0.0064820
   -5.6463000    0.4275700    0.3847100    0.0116600
   -5.6213000    0.4911000    0.6351000    0.0170700
   -5.5963000    0.5267400    0.6962000    0.0184100
   -5.5723000    0.5888900    0.7414000    0.0198400
   -5.5473000    0.5022100    0.5670000    0.0155200
   -5.5223000    0.4404000    0.4563600    0.0126800
   -5.4973000    0.4342000    0.4065800    0.0114500
   -5.4723000    0.4402100    0.5026000    0.0118700
   -5.4473000    0.4640100    0.7982000    0.0140200
   -5.4223000    0.4400100    0.5878000    0.0126900
   -5.3983000    0.5464800    0.7653000    0.0150400
   -5.3733000    0.5847600    0.7554000    0.0152000
   -5.3483000    0.4557400    0.6236000    0.0124700
   -5.3233000    0.4279900    0.6180000    0.0117800
   -5.2983000    0.4191200    0.6189000    0.0118800
   -5.2733000    0.3948500    0.6133000    0.0115600
   -5.2493000    0.3849400    0.6524000    0.0118000
   -5.2243000    0.3884000    0.6556000    0.0125900
   -5.1993000    0.4362100    0.7318000    0.0149300
   -5.1743000    0.4220800    0.6969000    0.0163600
   -5.1493000    0.3313500    0.4590400    0.0114300
   -5.1243000    0.4302000    0.5247500    0.0133400
   -5.0993000    0.3603900    0.3820400    0.0100600
   -5.0753000    0.3596200    0.3758700    0.0095530
   -5.0503000    0.4250600    0.4030000    0.0111100
   -5.0253000    0.4748800    0.4215000    0.0124600
   -5.0003000    0.4444800    0.3619000    0.0112000
   -4.9753000    0.3884400    0.3253400    0.0100000
   -4.9503000    0.3437300    0.2983300    0.0090310
   -4.9263000    0.2941100    0.2469000    0.0080700
   -4.9013000    0.2246730    0.1878200    0.0062200
   -4.8763000    0.1266170    0.1153600    0.0030870
   -4.8513000    0.1424590    0.1240200    0.0035270
   -4.8263000    0.1734000    0.1608000    0.0046270
   -4.8013000    0.2376900    0.2758800    0.0066270
   -4.7763000    0.2330900    0.2633400    0.0063360
   -4.7523000    0.2332200    0.2637100    0.0062900
   -4.7273000    0.2373700    0.2796300    0.0064870
   -4.7023000    0.2551200    0.3356400    0.0071470
   -4.6773000    0.2044700    0.2753300    0.0060430
   -4.6523000    0.1860600    0.2612300    0.0056760
   -4.6273000    0.2172300    0.3041500    0.0088170
   -4.6033000    0.2267300    0.3441800    0.0101900
   -4.5783000    0.2552900    0.4090000    0.0123300
   -4.5533000    0.2817900    0.4401000    0.0137800
   -4.5283000    0.3600000    0.5256000    0.0187900
   -4.5033000    0.4243300    0.6916000    0.0247200
   -4.4783000    0.3326900    0.5879000    0.0212100
   -4.4533000    0.3203500    0.5864000    0.0212200
   -4.4293000    0.3146800    0.6006000    0.0220200
   -4.4043000    0.3254400    0.6370000    0.0242100
   -4.3793000    0.3779000    0.7458000    0.0292100
   -4.3543000    0.3658500    0.7859000    0.0292900
   -4.3293000    0.3174100    0.6878000    0.0244000
   -4.3043000    0.3927500    0.7555000    0.0260100
   -4.2803000    0.5748800    1.0670000    0.0377800
   -4.2553000    0.4543300    0.8768000    0.0281500
   -4.2303000    0.4003600    0.8108000    0.0242100
   -4.2053000    0.4070700    0.8894000    0.0251300
   -4.1803000    0.3387100    0.8256000    0.0222100
   -4.1553000    0.2647100    0.6622000    0.0180600
   -4.1303000    0.2094800    0.5477000    0.0143900
   -4.1063000    0.1434000    0.3939200    0.0094250
   -4.0813000    0.0418710    0.3305500    0.0076070
   -4.0563000    0.0364260    0.3119500    0.0069730
   -4.0313000    0.0327160    0.2981200    0.0064870
   -4.0063000    0.0305060    0.2898000    0.0062130
   -3.9813000    0.0280810    0.2794600    0.0059010
   -3.9573000    0.0295420    0.2774000    0.0058040
   -3.9323000    0.0670870    0.3579300    0.0080330
   -3.9073000    0.1066800    0.4415100    0.0104400
   -3.8823000    0.1036000    0.4539300    0.0105100
   -3.8573000    0.0858200    0.4133800    0.0095110
   -3.8323000    0.1272200    0.5045200    0.0118700
   -3.8073000    0.1106300    0.4647300    0.0111200
   -3.7833000    0.1162600    0.4780000    0.0115400
   -3.7583000    0.1436100    0.5730700    0.0140100
   -3.7333000    0.1365500    0.4097200    0.0112400
   -3.7083000    0.1374700    0.4201400    0.0115000
   -3.6833000    0.1499300    0.4534200    0.0126700
   -3.6583000    0.1682400    0.5155300    0.0144200
   -3.6333000    0.1954400    0.5563000    0.0164900
   -3.6093000    0.2083800    0.6579000    0.0192500
   -3.5843000    0.2338700    0.6707000    0.0209000
   -3.5593000    0.2354000    0.5235000    0.0185000
   -3.5343000    0.2457600    0.4991000    0.0189200
   -3.5093000    0.2496000    0.5522000    0.0209100
   -3.4843000    0.2856300    0.7085000    0.0278800
   -3.4603000    0.3236100    0.8952000    0.0366300
   -3.4353000    0.2762600    0.8240000    0.0315000
   -3.4103000    0.2654700    0.8067000    0.0306100
   -3.3853000    0.2482600    0.7898000    0.0299500
   -3.3603000    0.2382100    0.7701000    0.0293400
   -3.3353000    0.2613800    0.7631000    0.0305600
   -3.3103000    0.2533800    0.6612000    0.0286200
   -3.2863000    0.3079800    0.7492000    0.0360900
   -3.2613000    0.2464700    0.6434000    0.0289600
   -3.2363000    0.2291500    0.6218000    0.0272200
   -3.2113000    0.2004900    0.5977000    0.0253200
   -3.1863000    0.1480000    0.5484000    0.0217800
   -3.1613000    0.1153800    0.5442000    0.0198800
   -3.1373000    0.0925500    0.4670900    0.0157600
   -3.1123000    0.0877100    0.4471700    0.0145400
   -3.0873000    0.0869700    0.4622100    0.0146000
   -3.0623000    0.0965400    0.5330000    0.0157100
   -3.0373000    0.0929300    0.5257000    0.0156600
   -3.0123000    0.0942300    0.5370000    0.0160700
   -2.9873000    0.0924400    0.5325000    0.0159700
   -2.9633000    0.0905600    0.5320000    0.0156900
   -2.9383000    0.0851800    0.5249000    0.0150900
   -2.9133000    0.0863000    0.5476000    0.0152600
   -2.8883000    0.1140200    0.6934000    0.0190300
   -2.8633000    0.1436700    0.8566000    0.0220900
   -2.8383000    0.1375500    0.6768000    0.0203200
   -2.8143000    0.1753900    0.7761000    0.0230600
   -2.7893000    0.2090400    0.8426000    0.0246600
   -2.7643000    0.2169700    0.9933000    0.0283000
   -2.7393000    0.1948800    0.8537000    0.0252100
   -2.7143000    0.1876200    0.8093000    0.0249500
   -2.6893000    0.1960800    0.8008000    0.0254300
   -2.6643000    0.2018900    0.8683000    0.0274300
   -2.6403000    0.2166200    0.9738000    0.0310100
   -2.6153000    0.2137300    0.9382000    0.0317700
   -2.5903000    0.1965600    0.8637000    0.0315000
   -2.5653000    0.2191700    0.9081000    0.0367200
   -2.5403000    0.1443300    0.7060000    0.0268700
   -2.5153000    0.1249500    0.6167000    0.0244700
   -2.4913000    0.1188300    0.6292000    0.0243000
   -2.4663000    0.1157000    0.6481000    0.0257000
   -2.4413000    0.1087700    0.6378000    0.0256000
   -2.4163000    0.0761300    0.6132000    0.0263500
   -2.3913000    0.0756200    0.6360000    0.0275600
   -2.3663000    0.0738100    0.4945000    0.0212200
   -2.3413000    0.0763500    0.5020000    0.0218300
   -2.3173000    0.0788400    0.5080000    0.0224200
   -2.2923000    0.0856200    0.5514000    0.0240000
   -2.2673000    0.0879600    0.5639000    0.0248200
   -2.2423000    0.0900400    0.5731000    0.0255400
   -2.2173000    0.0903800    0.5686000    0.0256800
   -2.1923000    0.0857200    0.5177000    0.0244600
   -2.1683000    0.0859900    0.5064000    0.0242400
   -2.1433000    0.0866200    0.4978000    0.0243700
   -2.1183000    0.0865000    0.4886000    0.0245200
   -2.0933000    0.0862300    0.4848000    0.0246800
   -2.0683000    0.0894200    0.5067000    0.0256200
   -2.0433000    0.0980700    0.5477000    0.0286200
   -2.0183000    0.1019900    0.6245000    0.0321700
   -1.9943000    0.1092400    0.6873000    0.0350700
   -1.9693000    0.1222800    0.7537000    0.0360500
   -1.9443000    0.1220300    0.7335000    0.0358300
   -1.9193000    0.1249700    0.7592000    0.0378500
   -1.8943000    0.1510400    0.9429000    0.0473900
   -1.8693000    0.1405400    0.9487000    0.0490000
   -1.8453000    0.1242300    0.8720000    0.0452300
   -1.8203000    0.1114800    0.7244000    0.0375100
   -1.7953000    0.1109300    0.6909000    0.0377700
   -1.7703000    0.1111300    0.6622000    0.0377600
   -1.7453000    0.1142000    0.6013000    0.0368000
   -1.7203000    0.0966900    0.5439000    0.0329800
   -1.6953000    0.0863400    0.5041000    0.0300100
   -1.6713000    0.1048700    0.6402000    0.0377700
   -1.6463000    0.0974000    0.7492000    0.0406000
   -1.6213000    0.0945400    0.8540000    0.0436300
   -1.5963000    0.0876400    0.7709000    0.0389400
   -1.5713000    0.1022000    0.7900000    0.0422600
   -1.5463000    0.0829300    0.6617000    0.0362500
   -1.5223000    0.0838300    0.6828000    0.0377500
   -1.4973000    0.0901300    0.7548000    0.0421400
   -1.4723000    0.0938800    0.8201000    0.0448400
   -1.4473000    0.0973200    0.8236000    0.0452400
   -1.4223000    0.1005800    0.8196000    0.0464300
   -1.3973000    0.2172700    1.4641000    0.0676800
   -1.3723000    0.2506900    1.4369000    0.0770600
   -1.3483000    0.1404400    1.0399000    0.0579800
   -1.3233000    0.1559500    1.1265000    0.0644000
   -1.2983000    0.1554900    1.1259000    0.0710900
   -1.2733000    0.1489500    0.9940000    0.0668800
   -1.2483000    0.1282900    0.8341000    0.0617000
   -1.2233000    0.1071900    0.6619000    0.0522900
   -1.1993000    0.1302600    0.7636000    0.0565300
   -1.1743000    0.1100200    0.6508000    0.0507900
   -1.1493000    0.1057600    0.6166000    0.0494500
   -1.1243000    0.1185900    0.6826000    0.0530100
   -1.0993000    0.1287900    0.7258000    0.0562200
   -1.0743000    0.0874900    0.4997000    0.0452800
   -1.0493000    0.0834720    0.4900000    0.0454500
   -1.0253000    0.0939340    0.5481000    0.0492600
   -1.0003000    0.0699240    0.3828200    0.0377300
   -0.9753000    0.0685750    0.3820300    0.0375000
   -0.9503000    0.0996400    0.6576000    0.0443100
   -0.9253000    0.0830710    0.5197000    0.0405200
   -0.9003000    0.0802620    0.5208000    0.0402400
   -0.8753000    0.0944650    0.6940000    0.0461900
   -0.8513000    0.0844160    0.5735000    0.0438800
   -0.8263000    0.0903700    0.6048000    0.0457100
   -0.8013000    0.0845930    0.5962000    0.0443000
   -0.7763000    0.0913810    0.7304000    0.0529100
   -0.7513000    0.0929420    0.7206000    0.0453000
   -0.7263000    0.1062100    0.8597000    0.0468100
   -0.7023000    0.0979400    0.7620000    0.0494000
   -0.6773000    0.0914600    0.7288000    0.0490600
   -0.6523000    0.0915700    0.7407000    0.0547500
   -0.6273000    0.1044500    0.8499000    0.0736400
   -0.6023000    0.1096800    0.8834000    0.0872000
   -0.5773000    0.0918800    0.7136000    0.0794000
   -0.5523000    0.0908000    0.7243000    0.0844100
   -0.5283000    0.0916600    0.7535000    0.0915300
   -0.5033000    0.0977900    0.8392000    0.1086000
   -0.4783000    0.1044500    0.9335000    0.1200000
   -0.4533000    0.0870500    0.7542000    0.1026000
   -0.4283000    0.0811300    0.6678000    0.0894800
   -0.4033000    0.0666200    0.5158000    0.0609400
   -0.3793000    0.0673600    0.5334000    0.0617800
   -0.3543000    0.0740500    0.6109000    0.0683400
   -0.3293000    0.0589700    0.4677000    0.0636100
   -0.3043000    0.0589400    0.4763900    0.0712100
   -0.2793000    0.0472610    0.3846900    0.0584100
   -0.2543000    0.0443100    0.3614300    0.0556400
   -0.2293000    0.0354990    0.2815100    0.0405100
   -0.2053000    0.0376590    0.3096600    0.0459500
   -0.1803000    0.0206620    0.1573800    0.0213000
   -0.1553000    0.0156625    0.1131300    0.0143300
   -0.1303000    0.0154307    0.1126800    0.0140700
   -0.1053000    0.0167555    0.1241500    0.0151300
   -0.0803000    0.0157571    0.1167600    0.0140100
   -0.0563000    0.0136713    0.1017300    0.0120200
   -0.0313000    0.0151197    0.1126000    0.0129800
   -0.0063000    0.0000000    0.0000000    0.0000000
    0.0187000    0.0000000    0.0000000    0.0000000
    0.0437000    0.0000000    0.0000000    0.0000000
    0.0687000    0.0000000    0.0000000    0.0000000
    0.0937000    0.0000000    0.0000000    0.0000000
    0.1177000    0.0000000    0.0000000    0.0000000
    0.1427000    0.0063863    0.0053549    0.0001100
    0.1677000    0.0201782    0.0169380    0.0003540
    0.1927000    0.0339414    0.0285100    0.0006064
    0.2177000    0.0412833    0.0350060    0.0008009
    0.2427000    0.0483544    0.0412870    0.0010010
    0.2667000    0.0553808    0.0475620    0.0012080
    0.2917000    0.0513280    0.0449470    0.0012890
    0.3167000    0.0524850    0.0469690    0.0014900
    0.3417000    0.0572880    0.0521710    0.0017590
    0.3667000    0.0640880    0.0592250    0.0020810
    0.3917000    0.0705420    0.0661790    0.0024120
    0.4167000    0.0749710    0.0727150    0.0028300
    0.4407000    0.3822200    0.4677200    0.0311000
    0.4657000    0.1989900    0.2197400    0.0117000
    0.4907000    0.2615200    0.2743000    0.0136000
    0.5157000    0.2364200    0.2460100    0.0118800
    0.5407000    0.2389000    0.2495700    0.0119600
    0.5657000    0.2470900    0.2852500    0.0128000
    0.5897000    0.2452300    0.2834300    0.0125700
    0.6147000    0.2387100    0.2764500    0.0122900
    0.6397000    0.2368400    0.2738900    0.0122900
    0.6647000    0.2248300    0.2642500    0.0118800
    0.6897000    0.2141900    0.2548300    0.0114700
    0.7147000    0.2040600    0.2457100    0.0113600
    0.7397000    0.2011400    0.2455000    0.0116000
    0.7637000    0.2033400    0.2519700    0.0121500
    0.7887000    0.2048700    0.2587100    0.0128000
    0.8137000    0.2098400    0.2688900    0.0135600
    0.8387000    0.2147600    0.2782300    0.0143200
    0.8637000    0.2134900    0.2819300    0.0149200
    0.8887000    0.2164100    0.2896700    0.0157100
    0.9127000    0.2804700    0.3966600    0.0212900
    0.9377000    0.2696900    0.3798800    0.0210700
    0.9627000    0.1936400    0.2570000    0.0156700
    0.9877000    0.1816300    0.2410200    0.0154100
    1.0127000    0.1764400    0.2343900    0.0154700
    1.0377000    0.1745800    0.2330400    0.0160400
    1.0627000    0.1733500    0.2330900    0.0166800
    1.0867000    0.1709500    0.2316200    0.0172700
    1.1117000    0.1721600    0.2379800    0.0184500
    1.1367000    0.1769700    0.2494300    0.0199200
    1.1617000    0.1821000    0.2608600    0.0214200
    1.1867000    0.1879400    0.2742200    0.0234300
    1.2117000    0.2143900    0.3284800    0.0291900
    1.2357000    0.2101700    0.3291900    0.0309300
    1.2607000    0.1989100    0.3113200    0.0309900
    1.2857000    0.1927400    0.3019400    0.0313800
    1.3107000    0.1919800    0.3026500    0.0320100
    1.3357000    0.2146500    0.3432900    0.0359200
    1.3607000    0.2511200    0.4108200    0.0420800
    1.3857000    0.3027900    0.5518200    0.0603400
    1.4097000    0.1879600    0.2929000    0.0261900
    1.4347000    0.1712500    0.2756500    0.0246600
    1.4597000    0.1539300    0.2536100    0.0224400
    1.4847000    0.1857400    0.3239700    0.0246700
    1.5097000    0.2015100    0.3670900    0.0258800
    1.5347000    0.1740200    0.3212400    0.0235400
    1.5587000    0.1675700    0.3111300    0.0231700
    1.5837000    0.1615000    0.3064600    0.0227600
    1.6087000    0.1730800    0.3322200    0.0244700
    1.6337000    0.2047500    0.4323000    0.0277600
    1.6587000    0.1681100    0.3346300    0.0242400
    1.6837000    0.1755500    0.3365700    0.0267500
    1.7087000    0.1840300    0.3438800    0.0299900
    1.7327000    0.2017700    0.3635000    0.0351800
    1.7577000    0.2289400    0.3897000    0.0435000
    1.7827000    0.2676900    0.4487000    0.0548300
    1.8077000    0.2396900    0.3953200    0.0498500
    1.8327000    0.2501800    0.3979300    0.0544300
    1.8577000    0.3743200    0.8807000    0.0707900
    1.8817000    0.2892700    0.7295000    0.0563800
    1.9067000    0.2860300    0.8064000    0.0536400
    1.9317000    0.2822200    0.8766000    0.0531700
    1.9567000    0.3194600    1.3226000    0.0648400
    1.9817000    0.2151000    0.9690000    0.0493000
    2.0067000    0.1613100    0.7449000    0.0422800
    2.0317000    0.1412100    0.6581000    0.0389500
    2.0557000    0.1147900    0.4963000    0.0312800
    2.0807000    0.1150300    0.4832000    0.0307600
    2.1057000    0.1176600    0.4769000    0.0303600
    2.1307000    0.0912400    0.4104000    0.0256600
    2.1557000    0.0615800    0.3103700    0.0197100
    2.1807000    0.0640300    0.3028800    0.0220200
    2.2057000    0.1179700    0.5026000    0.0626700
    2.2297000    0.1096600    0.4633000    0.0573700
    2.2547000    0.1148300    0.4648000    0.0591800
    2.2797000    0.1205800    0.4719000    0.0539400
    2.3047000    0.1204400    0.4628000    0.0526400
    2.3297000    0.1741900    0.6531000    0.0688900
    2.3547000    0.1955700    0.6777000    0.0708600
    2.3787000    0.1852500    0.6114000    0.0610600
    2.4037000    0.1699800    0.6013000    0.0547800
    2.4287000    0.1534400    0.5097000    0.0469500
    2.4537000    0.1366200    0.4534000    0.0446400
    2.4787000    0.1170900    0.3984000    0.0399000
    2.5037000    0.1117700    0.3799200    0.0395700
    2.5287000    0.1081600    0.3648500    0.0397100
    2.5527000    0.1394000    0.4622000    0.0541700
    2.5777000    0.1367900    0.4657000    0.0523000
    2.6027000    0.1438400    0.4925000    0.0596200
    2.6277000    0.1511900    0.5112000    0.0654100
    2.6527000    0.1523700    0.5252000    0.0747100
    2.6777000    0.1851000    0.6521000    0.0867400
    2.7017000    0.1855300    0.6315000    0.0826900
    2.7267000    0.1567200    0.5321000    0.0730200
    2.7517000    0.1860300    0.5935000    0.0818400
    2.7767000    0.1986000    0.5924000    0.0803000
    2.8017000    0.2174300    0.6583000    0.0898100
    2.8267000    0.2107100    0.6583000    0.0879300
    2.8517000    0.1723400    0.5923000    0.0801000
    2.8757000    0.1836300    0.6216000    0.0894400
    2.9007000    0.1605600    0.5940000    0.0863900
    2.9257000    0.1610500    0.6750000    0.0925100
    2.9507000    0.1593600    0.6768000    0.0924600
    2.9757000    0.1576200    0.6380000    0.0908600
    3.0007000    0.1636200    0.6720000    0.0988000
    3.0247000    0.1678200    0.7092000    0.1068000
    3.0497000    0.1662300    0.7452000    0.1123000
    3.0747000    0.1535800    0.6522000    0.0980200
    3.0997000    0.1502000    0.5907000    0.0878800
    3.1247000    0.1549800    0.6201000    0.0927700
    3.1497000    0.1622700    0.6685000    0.0996400
    3.1747000    0.1740700    0.7268000    0.1051000
    3.1987000    0.2198600    0.9862000    0.1327000
    3.2237000    0.1698600    0.5666000    0.0877000
    3.2487000    0.1157500    0.4110000    0.0607600
    3.2737000    0.0886500    0.3004300    0.0478100
    3.2987000    0.0702200    0.2195400    0.0365100
    3.3237000    0.0748990    0.2164600    0.0355900
    3.3477000    0.0803070    0.2276200    0.0361800
    3.3727000    0.0895430    0.2549000    0.0397900
    3.3977000    0.1113000    0.3041700    0.0481000
    3.4227000    0.1096400    0.3320000    0.0502900
    3.4477000    0.1052100    0.3493500    0.0512000
    3.4727000    0.1003200    0.3644200    0.0518700
    3.4977000    0.1087700    0.4066000    0.0588500
    3.5217000    0.0500800    0.2994800    0.0312600
    3.5467000    0.0448200    0.2621900    0.0267300
    3.5717000    0.0396950    0.2284000    0.0239700
    3.5967000    0.0372990    0.2168100    0.0232400
    3.6217000    0.0368720    0.2181200    0.0238400
    3.6467000    0.0438620    0.3116700    0.0409300
    3.6707000    0.0596040    0.4982900    0.0702600
    3.6957000    0.0557380    0.4438300    0.0584100
    3.7207000    0.0490610    0.3645100    0.0456800
    3.7457000    0.0499240    0.3768700    0.0433400
    3.7707000    0.0574100    0.4257500    0.0461600
    3.7957000    0.0701090    0.5196700    0.0551000
    3.8207000    0.0469990    0.3089500    0.0304500
    3.8447000    0.0284510    0.1734700    0.0159900
    3.8697000    0.0055278    0.0377600    0.0043470
    3.8947000    0.0043800    0.0296240    0.0034440
    3.9197000    0.0032152    0.0215210    0.0025270
    3.9447000    0.0020313    0.0134620    0.0015970
    3.9697000    0.0008294    0.0054440    0.0006521
    3.9937000    0.0000000    0.0000000    0.0000000
    4.0187000    0.0000000    0.0000000    0.0000000
    4.0437000    0.0000000    0.0000000    0.0000000
    4.0687000    0.0000000    0.0000000    0.0000000
    4.0937000    0.0000000    0.0000000    0.0000000
    4.1187000    0.0000000    0.0000000    0.0000000
    4.1437000    0.0000000    0.0000000    0.0000000
    4.1677000    0.0000000    0.0000000    0.0000000
    4.1927000    0.0000000    0.0000000    0.0000000
    4.2177000    0.0000000    0.0000000    0.0000000
    4.2427000    0.0000000    0.0000000    0.0000000
    4.2677000    0.0000000    0.0000000    0.0000000
    4.2927000    0.0000000    0.0000000    0.0000000
    4.3167000    0.0000000    0.0000000    0.0000000
    4.3417000    0.0000000    0.0000000    0.0000000
    4.3667000    0.0000000    0.0000000    0.0000000
    4.3917000    0.0000000    0.0000000    0.0000000
    4.4167000    0.0000000    0.0000000    0.0000000
    4.4417000    0.0000000    0.0000000    0.0000000
    4.4667000    0.0000000    0.0000000    0.0000000
    4.4907000    0.0000000    0.0000000    0.0000000
    4.5157000    0.0000000    0.0000000    0.0000000
    4.5407000    0.0000000    0.0000000    0.0000000
    4.5657000    0.0000000    0.0000000    0.0000000
    4.5907000    0.0000000    0.0000000    0.0000000
    4.6157000    0.0000000    0.0000000    0.0000000
    4.6397000    0.0000000    0.0000000    0.0000000
    4.6647000    0.0000000    0.0000000    0.0000000
    4.6897000    0.0000000    0.0000000    0.0000000
    4.7147000    0.0000000    0.0000000    0.0000000
    4.7397000    0.0000000    0.0000000    0.0000000
    4.7647000    0.0000000    0.0000000    0.0000000
    4.7897000    0.0000000    0.0000000    0.0000000
    4.8137000    0.0000000    0.0000000    0.0000000
    4.8387000    0.0000000    0.0000000    0.0000000
    4.8637000    0.0000000    0.0000000    0.0000000
    4.8887000    0.0000000    0.0000000    0.0000000
