Time(ps) Energy(eV)
.00200000 -.33157852E+03
.00400000 -.33155341E+03
.00600000 -.33147761E+03
.00800000 -.33135776E+03
.01000000 -.33120176E+03
.01200000 -.33102009E+03
.01400000 -.33082517E+03
.01600000 -.33062918E+03
.01800000 -.33044355E+03
.02000000 -.33027832E+03
.02200000 -.33014110E+03
.02400000 -.33003524E+03
.02600000 -.32996241E+03
.02800000 -.32992005E+03
.03000000 -.32990320E+03
.03200000 -.32990447E+03
.03400000 -.32991422E+03
.03600000 -.32992150E+03
.03800000 -.32991712E+03
.04000000 -.32989031E+03
.04200000 -.32983268E+03
.04400000 -.32973719E+03
.04600000 -.32959958E+03
.04800000 -.32941848E+03
.05000000 -.32919527E+03
.05200000 -.32893715E+03
.05400000 -.32865544E+03
.05600000 -.32836392E+03
.05800000 -.32807939E+03
.06000000 -.32782164E+03
.06200000 -.32760792E+03
.06400000 -.32745217E+03
.06600000 -.32736126E+03
.06800000 -.32733453E+03
.07000000 -.32736313E+03
.07200000 -.32743326E+03
.07400000 -.32752768E+03
.07600000 -.32762953E+03
.07800000 -.32772303E+03
.08000000 -.32779649E+03
.08200000 -.32784179E+03
.08400000 -.32785506E+03
.08600000 -.32783625E+03
.08800000 -.32778783E+03
.09000000 -.32771450E+03
.09200000 -.32762366E+03
.09400000 -.32752318E+03
.09600000 -.32742170E+03
.09800000 -.32732861E+03
.10000000 -.32725070E+03
.10200000 -.32719508E+03
.10400000 -.32716581E+03
.10600000 -.32716447E+03
.10800000 -.32719088E+03
.11000000 -.32724216E+03
.11200000 -.32731401E+03
.11400000 -.32739986E+03
.11600000 -.32749205E+03
.11800000 -.32758249E+03
.12000000 -.32766281E+03
.12200000 -.32772449E+03
.12400000 -.32776059E+03
.12600000 -.32776672E+03
.12800000 -.32774246E+03
.13000000 -.32768748E+03
.13200000 -.32760615E+03
.13400000 -.32750664E+03
.13600000 -.32739971E+03
.13800000 -.32729705E+03
.14000000 -.32721126E+03
.14200000 -.32715408E+03
.14400000 -.32713322E+03
.14600000 -.32715510E+03
.14800000 -.32721978E+03
.15000000 -.32732128E+03
.15200000 -.32745092E+03
.15400000 -.32759761E+03
.15600000 -.32774821E+03
.15800000 -.32789127E+03
.16000000 -.32801642E+03
.16200000 -.32811776E+03
.16400000 -.32819183E+03
.16600000 -.32823894E+03
.16800000 -.32826293E+03
.17000000 -.32826922E+03
.17200000 -.32826414E+03
.17400000 -.32825311E+03
.17600000 -.32824231E+03
.17800000 -.32823627E+03
.18000000 -.32823901E+03
.18200000 -.32825334E+03
.18400000 -.32828126E+03
.18600000 -.32832299E+03
.18800000 -.32837670E+03
.19000000 -.32844114E+03
.19200000 -.32851295E+03
.19400000 -.32858876E+03
.19600000 -.32866409E+03
.19800000 -.32873493E+03
.20000000 -.32879719E+03
.20200000 -.32884798E+03
.20400000 -.32888533E+03
.20600000 -.32890658E+03
.20800000 -.32891188E+03
.21000000 -.32890228E+03
.21200000 -.32888028E+03
.21400000 -.32885067E+03
.21600000 -.32881851E+03
.21800000 -.32878903E+03
.22000000 -.32876624E+03
.22200000 -.32875417E+03
.22400000 -.32875508E+03
.22600000 -.32876886E+03
.22800000 -.32879373E+03
.23000000 -.32882623E+03
.23200000 -.32886160E+03
.23400000 -.32889443E+03
.23600000 -.32891889E+03
.23800000 -.32892952E+03
.24000000 -.32892268E+03
.24200000 -.32889842E+03
.24400000 -.32885739E+03
.24600000 -.32880142E+03
.24800000 -.32873329E+03
.25000000 -.32865758E+03
.25200000 -.32857965E+03
.25400000 -.32850395E+03
.25600000 -.32843546E+03
.25800000 -.32837927E+03
.26000000 -.32833978E+03
.26200000 -.32831981E+03
.26400000 -.32832041E+03
.26600000 -.32834245E+03
.26800000 -.32838394E+03
.27000000 -.32844176E+03
.27200000 -.32851144E+03
.27400000 -.32858826E+03
.27600000 -.32866625E+03
.27800000 -.32873920E+03
.28000000 -.32880142E+03
.28200000 -.32884706E+03
.28400000 -.32887255E+03
.28600000 -.32887528E+03
.28800000 -.32885478E+03
.29000000 -.32881322E+03
.29200000 -.32875574E+03
.29400000 -.32869065E+03
.29600000 -.32862597E+03
.29800000 -.32857098E+03
.30000000 -.32853453E+03
.30200000 -.32852295E+03
.30400000 -.32853966E+03
.30600000 -.32858407E+03
.30800000 -.32865407E+03
.31000000 -.32874506E+03
.31200000 -.32885193E+03
.31400000 -.32896812E+03
.31600000 -.32908710E+03
.31800000 -.32920208E+03
.32000000 -.32930716E+03
.32200000 -.32939845E+03
.32400000 -.32947294E+03
.32600000 -.32952763E+03
.32800000 -.32956273E+03
.33000000 -.32957918E+03
.33200000 -.32957738E+03
.33400000 -.32955965E+03
.33600000 -.32952964E+03
.33800000 -.32949078E+03
.34000000 -.32944741E+03
.34200000 -.32940329E+03
.34400000 -.32936209E+03
.34600000 -.32932692E+03
.34800000 -.32929958E+03
.35000000 -.32928076E+03
.35200000 -.32926999E+03
.35400000 -.32926549E+03
.35600000 -.32926515E+03
.35800000 -.32926541E+03
.36000000 -.32926285E+03
.36200000 -.32925492E+03
.36400000 -.32923815E+03
.36600000 -.32921037E+03
.36800000 -.32917011E+03
.37000000 -.32911785E+03
.37200000 -.32905566E+03
.37400000 -.32898611E+03
.37600000 -.32891226E+03
.37800000 -.32883822E+03
.38000000 -.32876850E+03
.38200000 -.32870590E+03
.38400000 -.32865321E+03
.38600000 -.32861121E+03
.38800000 -.32857860E+03
.39000000 -.32855310E+03
.39200000 -.32853343E+03
.39400000 -.32851907E+03
.39600000 -.32850782E+03
.39800000 -.32849775E+03
.40000000 -.32848781E+03
.40200000 -.32847787E+03
.40400000 -.32846581E+03
.40600000 -.32845280E+03
.40800000 -.32843984E+03
.41000000 -.32842884E+03
.41200000 -.32842215E+03
.41400000 -.32842326E+03
.41600000 -.32843235E+03
.41800000 -.32845040E+03
.42000000 -.32847748E+03
.42200000 -.32851379E+03
.42400000 -.32855831E+03
.42600000 -.32860998E+03
.42800000 -.32866797E+03
.43000000 -.32873207E+03
.43200000 -.32880051E+03
.43400000 -.32887211E+03
.43600000 -.32894470E+03
.43800000 -.32901704E+03
.44000000 -.32908603E+03
.44200000 -.32914838E+03
.44400000 -.32920244E+03
.44600000 -.32924517E+03
.44800000 -.32927467E+03
.45000000 -.32929057E+03
.45200000 -.32929220E+03
.45400000 -.32928074E+03
.45600000 -.32925741E+03
.45800000 -.32922525E+03
.46000000 -.32918647E+03
.46200000 -.32914440E+03
.46400000 -.32910115E+03
.46600000 -.32905852E+03
.46800000 -.32901773E+03
.47000000 -.32897930E+03
.47200000 -.32894437E+03
.47400000 -.32891335E+03
.47600000 -.32888705E+03
.47800000 -.32886628E+03
.48000000 -.32885081E+03
.48200000 -.32884113E+03
.48400000 -.32883617E+03
.48600000 -.32883334E+03
.48800000 -.32883065E+03
.49000000 -.32882625E+03
.49200000 -.32881756E+03
.49400000 -.32880383E+03
.49600000 -.32878518E+03
.49800000 -.32876243E+03
.50000000 -.32873788E+03
.50200000 -.32871430E+03
.50400000 -.32869248E+03
.50600000 -.32867334E+03
.50800000 -.32865861E+03
.51000000 -.32864804E+03
.51200000 -.32864237E+03
.51400000 -.32864193E+03
.51600000 -.32864666E+03
.51800000 -.32865583E+03
.52000000 -.32867024E+03
.52200000 -.32868923E+03
.52400000 -.32871052E+03
.52600000 -.32873187E+03
.52800000 -.32875281E+03
.53000000 -.32877079E+03
.53200000 -.32878397E+03
.53400000 -.32879158E+03
.53600000 -.32879211E+03
.53800000 -.32878505E+03
.54000000 -.32877100E+03
.54200000 -.32875185E+03
.54400000 -.32872842E+03
.54600000 -.32870356E+03
.54800000 -.32867936E+03
.55000000 -.32865850E+03
.55200000 -.32864326E+03
.55400000 -.32863540E+03
.55600000 -.32863543E+03
.55800000 -.32864378E+03
.56000000 -.32866011E+03
.56200000 -.32868286E+03
.56400000 -.32871130E+03
.56600000 -.32874261E+03
.56800000 -.32877339E+03
.57000000 -.32880069E+03
.57200000 -.32882246E+03
.57400000 -.32883649E+03
.57600000 -.32884063E+03
.57800000 -.32883451E+03
.58000000 -.32881859E+03
.58200000 -.32879571E+03
.58400000 -.32876792E+03
.58600000 -.32873779E+03
.58800000 -.32870947E+03
.59000000 -.32868711E+03
.59200000 -.32867337E+03
.59400000 -.32867124E+03
.59600000 -.32868122E+03
.59800000 -.32870222E+03
.60000000 -.32873223E+03
.60200000 -.32876773E+03
.60400000 -.32880582E+03
.60600000 -.32884385E+03
.60800000 -.32887867E+03
.61000000 -.32890790E+03
.61200000 -.32893027E+03
.61400000 -.32894441E+03
.61600000 -.32894929E+03
.61800000 -.32894437E+03
.62000000 -.32893046E+03
.62200000 -.32890932E+03
.62400000 -.32888157E+03
.62600000 -.32884913E+03
.62800000 -.32881410E+03
.63000000 -.32877865E+03
.63200000 -.32874547E+03
.63400000 -.32871633E+03
.63600000 -.32869328E+03
.63800000 -.32867762E+03
.64000000 -.32866867E+03
.64200000 -.32866699E+03
.64400000 -.32867257E+03
.64600000 -.32868252E+03
.64800000 -.32869371E+03
.65000000 -.32870342E+03
.65200000 -.32870732E+03
.65400000 -.32870228E+03
.65600000 -.32868557E+03
.65800000 -.32865534E+03
.66000000 -.32860980E+03
.66200000 -.32855114E+03
.66400000 -.32848401E+03
.66600000 -.32841304E+03
.66800000 -.32834489E+03
.67000000 -.32828586E+03
.67200000 -.32824249E+03
.67400000 -.32821989E+03
.67600000 -.32822150E+03
.67800000 -.32824744E+03
.68000000 -.32829515E+03
.68200000 -.32836009E+03
.68400000 -.32843632E+03
.68600000 -.32851703E+03
.68800000 -.32859643E+03
.69000000 -.32866881E+03
.69200000 -.32872953E+03
.69400000 -.32877627E+03
.69600000 -.32880790E+03
.69800000 -.32882493E+03
.70000000 -.32883026E+03
.70200000 -.32882641E+03
.70400000 -.32881640E+03
.70600000 -.32880450E+03
.70800000 -.32879419E+03
.71000000 -.32878864E+03
.71200000 -.32879049E+03
.71400000 -.32880186E+03
.71600000 -.32882381E+03
.71800000 -.32885494E+03
.72000000 -.32889254E+03
.72200000 -.32893211E+03
.72400000 -.32896941E+03
.72600000 -.32899945E+03
.72800000 -.32901845E+03
.73000000 -.32902279E+03
.73200000 -.32901118E+03
.73400000 -.32898286E+03
.73600000 -.32893766E+03
.73800000 -.32887818E+03
.74000000 -.32880599E+03
.74200000 -.32872470E+03
.74400000 -.32863820E+03
.74600000 -.32855148E+03
.74800000 -.32846862E+03
.75000000 -.32839485E+03
.75200000 -.32833521E+03
.75400000 -.32829414E+03
.75600000 -.32827431E+03
.75800000 -.32827595E+03
.76000000 -.32829784E+03
.76200000 -.32833556E+03
.76400000 -.32838345E+03
.76600000 -.32843600E+03
.76800000 -.32848544E+03
.77000000 -.32852530E+03
.77200000 -.32855125E+03
.77400000 -.32856151E+03
.77600000 -.32855644E+03
.77800000 -.32853869E+03
.78000000 -.32851350E+03
.78200000 -.32848584E+03
.78400000 -.32845984E+03
.78600000 -.32844002E+03
.78800000 -.32842923E+03
.79000000 -.32843134E+03
.79200000 -.32844664E+03
.79400000 -.32847594E+03
.79600000 -.32851815E+03
.79800000 -.32857215E+03
.80000000 -.32863587E+03
.80200000 -.32870802E+03
.80400000 -.32878600E+03
.80600000 -.32886648E+03
.80800000 -.32894586E+03
.81000000 -.32902182E+03
.81200000 -.32909120E+03
.81400000 -.32915142E+03
.81600000 -.32920118E+03
.81800000 -.32923844E+03
.82000000 -.32926155E+03
.82200000 -.32927117E+03
.82400000 -.32926862E+03
.82600000 -.32925574E+03
.82800000 -.32923552E+03
.83000000 -.32921109E+03
.83200000 -.32918560E+03
.83400000 -.32916153E+03
.83600000 -.32914124E+03
.83800000 -.32912660E+03
.84000000 -.32911758E+03
.84200000 -.32911260E+03
.84400000 -.32911000E+03
.84600000 -.32910718E+03
.84800000 -.32910241E+03
.85000000 -.32909354E+03
.85200000 -.32907856E+03
.85400000 -.32905577E+03
.85600000 -.32902485E+03
.85800000 -.32898639E+03
.86000000 -.32894206E+03
.86200000 -.32889341E+03
.86400000 -.32884161E+03
.86600000 -.32878883E+03
.86800000 -.32873639E+03
.87000000 -.32868607E+03
.87200000 -.32863963E+03
.87400000 -.32859754E+03
.87600000 -.32855963E+03
.87800000 -.32852583E+03
.88000000 -.32849649E+03
.88200000 -.32847161E+03
.88400000 -.32845351E+03
.88600000 -.32844302E+03
.88800000 -.32844246E+03
.89000000 -.32845333E+03
.89200000 -.32847634E+03
.89400000 -.32851253E+03
.89600000 -.32856018E+03
.89800000 -.32861540E+03
.90000000 -.32867264E+03
.90200000 -.32872662E+03
.90400000 -.32877295E+03
.90600000 -.32880658E+03
.90800000 -.32882586E+03
.91000000 -.32883057E+03
.91200000 -.32882235E+03
.91400000 -.32880514E+03
.91600000 -.32878358E+03
.91800000 -.32876273E+03
.92000000 -.32874709E+03
.92200000 -.32873983E+03
.92400000 -.32874276E+03
.92600000 -.32875637E+03
.92800000 -.32877995E+03
.93000000 -.32881062E+03
.93200000 -.32884529E+03
.93400000 -.32888068E+03
.93600000 -.32891332E+03
.93800000 -.32893947E+03
.94000000 -.32895567E+03
.94200000 -.32896078E+03
.94400000 -.32895608E+03
.94600000 -.32894282E+03
.94800000 -.32892350E+03
.95000000 -.32890108E+03
.95200000 -.32887986E+03
.95400000 -.32886434E+03
.95600000 -.32885842E+03
.95800000 -.32886469E+03
.96000000 -.32888433E+03
.96200000 -.32891666E+03
.96400000 -.32895776E+03
.96600000 -.32900162E+03
.96800000 -.32904256E+03
.97000000 -.32907353E+03
.97200000 -.32908935E+03
.97400000 -.32908752E+03
.97600000 -.32906673E+03
.97800000 -.32902821E+03
.98000000 -.32897424E+03
.98200000 -.32890834E+03
.98400000 -.32883494E+03
.98600000 -.32875913E+03
.98800000 -.32868444E+03
.99000000 -.32861404E+03
.99200000 -.32855121E+03
.99400000 -.32849718E+03
.99600000 -.32845291E+03
.99800000 -.32841911E+03
1.00000000 -.32839702E+03
1.00200000 -.32838586E+03
1.00400000 -.32838552E+03
1.00600000 -.32839517E+03
1.00800000 -.32841375E+03
1.01000000 -.32843985E+03
1.01200000 -.32847228E+03
1.01400000 -.32850888E+03
1.01600000 -.32854635E+03
1.01800000 -.32858080E+03
1.02000000 -.32860942E+03
1.02200000 -.32862816E+03
1.02400000 -.32863459E+03
1.02600000 -.32862763E+03
1.02800000 -.32860880E+03
1.03000000 -.32857994E+03
1.03200000 -.32854606E+03
1.03400000 -.32851393E+03
1.03600000 -.32848912E+03
1.03800000 -.32847708E+03
1.04000000 -.32848179E+03
1.04200000 -.32850408E+03
1.04400000 -.32854270E+03
1.04600000 -.32859401E+03
1.04800000 -.32865223E+03
1.05000000 -.32871112E+03
1.05200000 -.32876424E+03
1.05400000 -.32880694E+03
1.05600000 -.32883723E+03
1.05800000 -.32885405E+03
1.06000000 -.32885820E+03
1.06200000 -.32885250E+03
1.06400000 -.32883977E+03
1.06600000 -.32882463E+03
1.06800000 -.32881171E+03
1.07000000 -.32880504E+03
1.07200000 -.32880896E+03
1.07400000 -.32882567E+03
1.07600000 -.32885605E+03
1.07800000 -.32889899E+03
1.08000000 -.32895161E+03
1.08200000 -.32901007E+03
1.08400000 -.32906978E+03
1.08600000 -.32912565E+03
1.08800000 -.32917265E+03
1.09000000 -.32920688E+03
1.09200000 -.32922487E+03
1.09400000 -.32922471E+03
1.09600000 -.32920791E+03
1.09800000 -.32917718E+03
1.10000000 -.32913475E+03
1.10200000 -.32908298E+03
1.10400000 -.32902519E+03
1.10600000 -.32896408E+03
1.10800000 -.32890184E+03
1.11000000 -.32883958E+03
1.11200000 -.32877942E+03
1.11400000 -.32872511E+03
1.11600000 -.32867783E+03
1.11800000 -.32863931E+03
1.12000000 -.32861156E+03
1.12200000 -.32859743E+03
1.12400000 -.32859688E+03
1.12600000 -.32860864E+03
1.12800000 -.32863004E+03
1.13000000 -.32865664E+03
1.13200000 -.32868362E+03
1.13400000 -.32870434E+03
1.13600000 -.32871342E+03
1.13800000 -.32870792E+03
1.14000000 -.32868529E+03
1.14200000 -.32864557E+03
1.14400000 -.32859211E+03
1.14600000 -.32853037E+03
1.14800000 -.32846567E+03
1.15000000 -.32840489E+03
1.15200000 -.32835438E+03
1.15400000 -.32831813E+03
1.15600000 -.32829906E+03
1.15800000 -.32829838E+03
1.16000000 -.32831389E+03
1.16200000 -.32834227E+03
1.16400000 -.32837945E+03
1.16600000 -.32842118E+03
1.16800000 -.32846256E+03
1.17000000 -.32849795E+03
1.17200000 -.32852463E+03
1.17400000 -.32854138E+03
1.17600000 -.32854745E+03
1.17800000 -.32854436E+03
1.18000000 -.32853457E+03
1.18200000 -.32852183E+03
1.18400000 -.32851106E+03
1.18600000 -.32850445E+03
1.18800000 -.32850430E+03
1.19000000 -.32851080E+03
1.19200000 -.32852456E+03
1.19400000 -.32854252E+03
1.19600000 -.32856175E+03
1.19800000 -.32857948E+03
1.20000000 -.32859521E+03
1.20200000 -.32860640E+03
1.20400000 -.32861316E+03
1.20600000 -.32861548E+03
