-14.96430000   0.00000000   0.00000000 
-14.93930000   0.00000000   0.00000000 
-14.91430000   0.00000000   0.00000000 
-14.88930000   0.00000000   0.00000000 
-14.86430000   0.00000000   0.00000000 
-14.83930000   0.00000000   0.00000000 
-14.81530000   0.00000000   0.00000000 
-14.79030000   0.00000000   0.00000000 
-14.76530000   0.00000000   0.00000000 
-14.74030000   0.00000000   0.00000000 
-14.71530000   0.00000000   0.00000000 
-14.69030000   0.00000000   0.00000000 
-14.66530000   0.00000000   0.00000000 
-14.64130000   0.00000000   0.00000000 
-14.61630000   0.00000000   0.00000000 
-14.59130000   0.00000000   0.00000000 
-14.56630000   0.00000000   0.00000000 
-14.54130000   0.00000000   0.00000000 
-14.51630000   0.00000000   0.00000000 
-14.49230000   0.00000000   0.00000000 
-14.46730000   0.00000000   0.00000000 
-14.44230000   0.00000000   0.00000000 
-14.41730000   0.00000000   0.00000000 
-14.39230000   0.00000000   0.00000000 
-14.36730000   0.00000000   0.00000000 
-14.34230000   0.00000000   0.00000000 
-14.31830000   0.00000000   0.00000000 
-14.29330000   0.00000000   0.00000000 
-14.26830000   0.00000000   0.00000000 
-14.24330000   0.00000000   0.00000000 
-14.21830000   0.00000000   0.00000000 
-14.19330000   0.00000000   0.00000000 
-14.16930000   0.00000000   0.00000000 
-14.14430000   0.00000000   0.00000000 
-14.11930000   0.00000000   0.00000000 
-14.09430000   0.00000000   0.00000000 
-14.06930000   0.00000000   0.00000000 
-14.04430000   2.74900000   0.02960000 
-14.01930000   2.37500000   0.09106000 
-13.99530000   2.69100000   0.15360000 
-13.97030000   2.64600000   0.22000000 
-13.94530000   2.80400000   0.28750000 
-13.92030000   3.03400000   0.35980000 
-13.89530000   3.48200000   0.44110000 
-13.87030000   4.38900000   0.53600000 
-13.84630000   3.25900000   0.64440000 
-13.82130000   2.99700000   0.72220000 
-13.79630000   2.50000000   0.79200000 
-13.77130000   2.42500000   0.85310000 
-13.74630000   2.25500000   0.91120000 
-13.72130000   2.11000000   0.96540000 
-13.69630000   1.92300000   1.01500000 
-13.67230000   1.88600000   1.06300000 
-13.64730000   1.84900000   1.10900000 
-13.62230000   1.80900000   1.15400000 
-13.59730000   1.71800000   1.19800000 
-13.57230000   1.59800000   1.23900000 
-13.54730000   1.57100000   1.27900000 
-13.52330000   1.54700000   1.31800000 
-13.49830000   1.52500000   1.35600000 
-13.47330000   1.50000000   1.39300000 
-13.44830000   1.47100000   1.43000000 
-13.42330000   1.41000000   1.46600000 
-13.39830000   1.37500000   1.50100000 
-13.37330000   1.35400000   1.53500000 
-13.34930000   1.33800000   1.56800000 
-13.32430000   1.32200000   1.60100000 
-13.29930000   1.30700000   1.63400000 
-13.27430000   1.29000000   1.66600000 
-13.24930000   1.26800000   1.69800000 
-13.22430000   1.24100000   1.72900000 
-13.20030000   1.24100000   1.76000000 
-13.17530000   1.77100000   1.81800000 
-13.15030000   1.38200000   1.85600000 
-13.12530000   1.18100000   1.88800000 
-13.10030000   1.06700000   1.91600000 
-13.07530000   0.99600000   1.94100000 
-13.05030000   1.04700000   1.96600000 
-13.02630000   0.23440000   2.00000000 
-13.00130000   0.00000000   2.00000000 
-12.97630000   0.00000000   2.00000000 
-12.95130000   1.55900000   2.02000000 
-12.92630000   1.08500000   2.04800000 
-12.90130000   1.01800000   2.07300000 
-12.87730000   1.07800000   2.09900000 
-12.85230000   1.23500000   2.12700000 
-12.82730000   1.35100000   2.15900000 
-12.80230000   3.23500000   2.20100000 
-12.77730000   1.08800000   2.24400000 
-12.75230000   1.08900000   2.27100000 
-12.72730000   1.08900000   2.29800000 
-12.70330000   1.09000000   2.32500000 
-12.67830000   1.09200000   2.35200000 
-12.65330000   1.09300000   2.38000000 
-12.62830000   1.09500000   2.40700000 
-12.60330000   1.09600000   2.43400000 
-12.57830000   1.09800000   2.46100000 
-12.55330000   1.10100000   2.48800000 
-12.52930000   1.10100000   2.51600000 
-12.50430000   1.10100000   2.54300000 
-12.47930000   1.10100000   2.57100000 
-12.45430000   1.11800000   2.59800000 
-12.42930000   1.13400000   2.62600000 
-12.40430000   1.14600000   2.65400000 
-12.38030000   1.15700000   2.68300000 
-12.35530000   1.16900000   2.71200000 
-12.33030000   1.18400000   2.74100000 
-12.30530000   1.20300000   2.77100000 
-12.28030000   1.20300000   2.80100000 
-12.25530000   1.20300000   2.83100000 
-12.23030000   1.24800000   2.86100000 
-12.20630000   1.29300000   2.89200000 
-12.18130000   1.32600000   2.92500000 
-12.15630000   1.35600000   2.95800000 
-12.13130000   1.38800000   2.99200000 
-12.10630000   1.42900000   3.02700000 
-12.08130000   1.46800000   3.06400000 
-12.05730000   1.51600000   3.10000000 
-12.03230000   1.66200000   3.14000000 
-12.00730000   1.74400000   3.18200000 
-11.98230000   1.81400000   3.22700000 
-11.95730000   1.88100000   3.27200000 
-11.93230000   2.12600000   3.32000000 
-11.90730000   2.60200000   3.38000000 
-11.88330000   2.80400000   3.44700000 
-11.85830000   4.46900000   3.53000000 
-11.83330000   3.41500000   3.63500000 
-11.80830000   2.79300000   3.71100000 
-11.78330000   2.54100000   3.77600000 
-11.75830000   2.33800000   3.83800000 
-11.73430000   2.07100000   3.89200000 
-11.70930000   2.00100000   3.94200000 
-11.68430000   1.35800000   3.99200000 
-11.65930000   0.00000000   4.00000000 
-11.63430000   0.00000000   4.00000000 
-11.60930000   0.00000000   4.00000000 
-11.58430000   0.00000000   4.00000000 
-11.56030000   0.00000000   4.00000000 
-11.53530000   0.00000000   4.00000000 
-11.51030000   0.00000000   4.00000000 
-11.48530000   0.00000000   4.00000000 
-11.46030000   0.00000000   4.00000000 
-11.43530000   0.00000000   4.00000000 
-11.41130000   0.00000000   4.00000000 
-11.38630000   0.00000000   4.00000000 
-11.36130000   0.00000000   4.00000000 
-11.33630000   0.00000000   4.00000000 
-11.31130000   0.00000000   4.00000000 
-11.28630000   0.00000000   4.00000000 
-11.26130000   0.00000000   4.00000000 
-11.23730000   0.00000000   4.00000000 
-11.21230000   0.00000000   4.00000000 
-11.18730000   0.00000000   4.00000000 
-11.16230000   0.00000000   4.00000000 
-11.13730000   0.00000000   4.00000000 
-11.11230000   0.00000000   4.00000000 
-11.08830000   0.00000000   4.00000000 
-11.06330000   0.00000000   4.00000000 
-11.03830000   0.00000000   4.00000000 
-11.01330000   0.00000000   4.00000000 
-10.98830000   0.00000000   4.00000000 
-10.96330000   1.78700000   4.00100000 
-10.93830000   1.26800000   4.03700000 
-10.91430000   1.51500000   4.07200000 
-10.88930000   1.44100000   4.10900000 
-10.86430000   1.46400000   4.14500000 
-10.83930000   1.49500000   4.18200000 
-10.81430000   1.55300000   4.21900000 
-10.78930000   1.63900000   4.25900000 
-10.76530000   1.61900000   4.29900000 
-10.74030000   1.65000000   4.34000000 
-10.71530000   1.70000000   4.38200000 
-10.69030000   1.76000000   4.42500000 
-10.66530000   1.84100000   4.46900000 
-10.64030000   1.91500000   4.51600000 
-10.61530000   1.96400000   4.56400000 
-10.59130000   2.06200000   4.61400000 
-10.56630000   2.19500000   4.66700000 
-10.54130000   2.30300000   4.72300000 
-10.51630000   2.40700000   4.78100000 
-10.49130000   2.94700000   4.84800000 
-10.46630000   2.90900000   4.92600000 
-10.44230000   3.59200000   4.99700000 
-10.41730000   7.68300000   5.11100000 
-10.39230000  11.69000000   5.46400000 
-10.36730000  11.71000000   5.74700000 
-10.34230000  14.06000000   6.09300000 
-10.31730000  10.20000000   6.36900000 
-10.29230000   8.53600000   6.59800000 
-10.26830000   8.40900000   6.81000000 
-10.24330000   9.28200000   7.02600000 
-10.21830000   9.97800000   7.25900000 
-10.19330000   3.76500000   7.50800000 
-10.16830000   3.64900000   7.60500000 
-10.14330000   4.11700000   7.69900000 
-10.11930000   4.59500000   7.80700000 
-10.09430000   3.51200000   7.90500000 
-10.06930000   3.82700000   7.98800000 
-10.04430000   0.00000000   8.00000000 
-10.01930000   0.00000000   8.00000000 
 -9.99430000   0.00000000   8.00000000 
 -9.96930000   0.00000000   8.00000000 
 -9.94530000   0.00000000   8.00000000 
 -9.92030000   0.00000000   8.00000000 
 -9.89530000   0.00000000   8.00000000 
 -9.87030000   0.00000000   8.00000000 
 -9.84530000   0.00000000   8.00000000 
 -9.82030000   0.00000000   8.00000000 
 -9.79530000   0.00000000   8.00000000 
 -9.77130000   0.00000000   8.00000000 
 -9.74630000   0.00000000   8.00000000 
 -9.72130000   0.00000000   8.00000000 
 -9.69630000   0.00000000   8.00000000 
 -9.67130000   0.00000000   8.00000000 
 -9.64630000   0.00000000   8.00000000 
 -9.62230000   0.00000000   8.00000000 
 -9.59730000   0.00000000   8.00000000 
 -9.57230000   0.00000000   8.00000000 
 -9.54730000   0.00000000   8.00000000 
 -9.52230000   0.00000000   8.00000000 
 -9.49730000   0.00000000   8.00000000 
 -9.47230000   0.00000000   8.00000000 
 -9.44830000   0.00000000   8.00000000 
 -9.42330000   0.00000000   8.00000000 
 -9.39830000   0.00000000   8.00000000 
 -9.37330000   0.00000000   8.00000000 
 -9.34830000   0.00000000   8.00000000 
 -9.32330000   0.00000000   8.00000000 
 -9.29930000   0.00000000   8.00000000 
 -9.27430000   0.00000000   8.00000000 
 -9.24930000   0.00000000   8.00000000 
 -9.22430000   0.00000000   8.00000000 
 -9.19930000   0.00000000   8.00000000 
 -9.17430000   0.00000000   8.00000000 
 -9.14930000   0.00000000   8.00000000 
 -9.12530000   0.00000000   8.00000000 
 -9.10030000   0.00000000   8.00000000 
 -9.07530000   0.00000000   8.00000000 
 -9.05030000   0.00000000   8.00000000 
 -9.02530000   0.00000000   8.00000000 
 -9.00030000   0.00000000   8.00000000 
 -8.97630000   0.00000000   8.00000000 
 -8.95130000   0.00000000   8.00000000 
 -8.92630000   0.00000000   8.00000000 
 -8.90130000   0.00000000   8.00000000 
 -8.87630000   0.00000000   8.00000000 
 -8.85130000   0.00000000   8.00000000 
 -8.82630000   0.00000000   8.00000000 
 -8.80230000   0.00000000   8.00000000 
 -8.77730000   0.00000000   8.00000000 
 -8.75230000   2.62200000   8.05100000 
 -8.72730000   2.40000000   8.11700000 
 -8.70230000   2.47000000   8.17700000 
 -8.67730000   2.57000000   8.24000000 
 -8.65330000   2.56000000   8.30400000 
 -8.62830000   2.58100000   8.36800000 
 -8.60330000   2.62300000   8.43200000 
 -8.57830000   2.71200000   8.49900000 
 -8.55330000   2.71800000   8.56700000 
 -8.52830000   2.73400000   8.63400000 
 -8.50330000   2.76600000   8.70200000 
 -8.47930000   2.86500000   8.77200000 
 -8.45430000   3.03800000   8.84500000 
 -8.42930000   3.66800000   8.92800000 
 -8.40430000   2.98500000   9.00600000 
 -8.37930000   2.81400000   9.07800000 
 -8.35430000   2.72200000   9.14600000 
 -8.33030000   2.83100000   9.22200000 
 -8.30530000   3.46300000   9.30100000 
 -8.28030000   4.36000000   9.39800000 
 -8.25530000   4.31700000   9.51000000 
 -8.23030000   3.82300000   9.61200000 
 -8.20530000   3.88600000   9.70700000 
 -8.18030000   4.04900000   9.80700000 
 -8.15630000   4.13700000   9.90800000 
 -8.13130000   4.50900000  10.01000000 
 -8.10630000   5.12100000  10.13000000 
 -8.08130000   6.63200000  10.28000000 
 -8.05630000   1.93500000  10.39000000 
 -8.03130000   1.80200000  10.43000000 
 -8.00730000   1.69900000  10.48000000 
 -7.98230000   1.34700000  10.52000000 
 -7.95730000   1.33000000  10.55000000 
 -7.93230000   1.31400000  10.58000000 
 -7.90730000   1.29500000  10.62000000 
 -7.88230000   1.27400000  10.65000000 
 -7.85730000   1.25100000  10.68000000 
 -7.83330000   1.22300000  10.71000000 
 -7.80830000   1.19200000  10.74000000 
 -7.78330000   1.16200000  10.77000000 
 -7.75830000   1.12500000  10.80000000 
 -7.73330000   1.09900000  10.83000000 
 -7.70830000   1.09400000  10.85000000 
 -7.68430000   1.08800000  10.88000000 
 -7.65930000   1.08100000  10.91000000 
 -7.63430000   1.07400000  10.93000000 
 -7.60930000   1.06600000  10.96000000 
 -7.58430000   1.08700000  10.99000000 
 -7.55930000   1.09500000  11.01000000 
 -7.53430000   1.09500000  11.04000000 
 -7.51030000   1.09500000  11.07000000 
 -7.48530000   1.09000000  11.10000000 
 -7.46030000   1.08000000  11.12000000 
 -7.43530000   1.07100000  11.15000000 
 -7.41030000   1.14800000  11.18000000 
 -7.38530000   1.18500000  11.21000000 
 -7.36130000   1.22100000  11.24000000 
 -7.33630000   1.23500000  11.27000000 
 -7.31130000   1.24200000  11.30000000 
 -7.28630000   1.71400000  11.33000000 
 -7.26130000   1.65000000  11.37000000 
 -7.23630000   1.41800000  11.41000000 
 -7.21130000   1.20300000  11.44000000 
 -7.18730000   1.12800000  11.47000000 
 -7.16230000   1.08800000  11.50000000 
 -7.13730000   1.04700000  11.53000000 
 -7.11230000   0.99250000  11.55000000 
 -7.08730000   0.93890000  11.58000000 
 -7.06230000   0.90360000  11.60000000 
 -7.03830000   0.87390000  11.62000000 
 -7.01330000   0.85220000  11.64000000 
 -6.98830000   0.83020000  11.66000000 
 -6.96330000   0.80600000  11.68000000 
 -6.93830000   0.77560000  11.70000000 
 -6.91330000   0.75150000  11.72000000 
 -6.88830000   0.72790000  11.74000000 
 -6.86430000   0.71360000  11.76000000 
 -6.83930000   0.69920000  11.78000000 
 -6.81430000   0.68960000  11.79000000 
 -6.78930000   0.68120000  11.81000000 
 -6.76430000   0.65690000  11.83000000 
 -6.73930000   0.62870000  11.84000000 
 -6.71430000   0.60800000  11.86000000 
 -6.69030000   0.58730000  11.87000000 
 -6.66530000   0.57150000  11.89000000 
 -6.64030000   0.55710000  11.90000000 
 -6.61530000   0.54390000  11.92000000 
 -6.59030000   0.52620000  11.93000000 
 -6.56530000   0.53020000  11.94000000 
 -6.54130000   0.60930000  11.96000000 
 -6.51630000   0.54610000  11.97000000 
 -6.49130000   0.45280000  11.98000000 
 -6.46630000   0.32440000  11.99000000 
 -6.44130000   0.19600000  12.00000000 
 -6.41630000   0.00000000  12.00000000 
 -6.39130000   0.00000000  12.00000000 
 -6.36730000   0.00000000  12.00000000 
 -6.34230000   0.00000000  12.00000000 
 -6.31730000   0.00000000  12.00000000 
 -6.29230000   0.00000000  12.00000000 
 -6.26730000   0.00000000  12.00000000 
 -6.24230000   1.13800000  12.01000000 
 -6.21830000   1.25300000  12.06000000 
 -6.19330000   1.30700000  12.09000000 
 -6.16830000   1.17100000  12.12000000 
 -6.14330000   0.99840000  12.15000000 
 -6.11830000   0.94500000  12.17000000 
 -6.09330000   1.33200000  12.21000000 
 -6.06830000   1.39600000  12.24000000 
 -6.04430000   1.44700000  12.27000000 
 -6.01930000   1.43400000  12.31000000 
 -5.99430000   1.40700000  12.35000000 
 -5.96930000   1.38700000  12.38000000 
 -5.94430000   1.42000000  12.41000000 
 -5.91930000   1.44800000  12.45000000 
 -5.89530000   1.47000000  12.49000000 
 -5.87030000   1.50200000  12.52000000 
 -5.84530000   1.52700000  12.56000000 
 -5.82030000   1.55500000  12.60000000 
 -5.79530000   1.58300000  12.64000000 
 -5.77030000   1.59500000  12.68000000 
 -5.74530000   1.64500000  12.72000000 
 -5.72130000   1.69600000  12.76000000 
 -5.69630000   1.75500000  12.80000000 
 -5.67130000   1.82600000  12.85000000 
 -5.64630000   3.54800000  12.91000000 
 -5.62130000   5.21700000  13.02000000 
 -5.59630000   5.64000000  13.15000000 
 -5.57230000   6.00200000  13.29000000 
 -5.54730000   4.73600000  13.43000000 
 -5.52230000   3.92800000  13.54000000 
 -5.49730000   3.61800000  13.63000000 
 -5.47230000   4.13500000  13.72000000 
 -5.44730000   5.76400000  13.85000000 
 -5.42230000   4.60500000  13.98000000 
 -5.39830000   5.85700000  14.10000000 
 -5.37330000   5.88400000  14.26000000 
 -5.34830000   4.78200000  14.39000000 
 -5.32330000   4.65000000  14.51000000 
 -5.29830000   4.60800000  14.62000000 
 -5.27330000   4.48600000  14.74000000 
 -5.24930000   4.64100000  14.85000000 
 -5.22430000   4.67200000  14.97000000 
 -5.19930000   5.24200000  15.09000000 
 -5.17430000   5.02100000  15.23000000 
 -5.14930000   3.49100000  15.32000000 
 -5.12430000   4.14500000  15.41000000 
 -5.09930000   3.17500000  15.50000000 
 -5.07530000   3.11200000  15.57000000 
 -5.05030000   3.48100000  15.66000000 
 -5.02530000   3.75300000  15.75000000 
 -5.00030000   3.33900000  15.84000000 
 -4.97530000   2.97000000  15.92000000 
 -4.95030000   2.66300000  15.98000000 
 -4.92630000   2.22700000  16.04000000 
 -4.90130000   1.68700000  16.09000000 
 -4.87630000   0.96890000  16.12000000 
 -4.85130000   1.05700000  16.15000000 
 -4.82630000   1.34400000  16.18000000 
 -4.80130000   2.14800000  16.22000000 
 -4.77630000   2.05800000  16.28000000 
 -4.75230000   2.05300000  16.33000000 
 -4.72730000   2.14800000  16.38000000 
 -4.70230000   2.49500000  16.44000000 
 -4.67730000   2.03300000  16.49000000 
 -4.65230000   1.90600000  16.54000000 
 -4.62730000   2.32300000  16.60000000 
 -4.60330000   2.57700000  16.66000000 
 -4.57830000   3.02000000  16.73000000 
 -4.55330000   3.28100000  16.81000000 
 -4.52830000   4.07400000  16.90000000 
 -4.50330000   5.24300000  17.02000000 
 -4.47830000   4.41800000  17.14000000 
 -4.45330000   4.38900000  17.25000000 
 -4.42930000   4.47300000  17.36000000 
 -4.40430000   4.76200000  17.47000000 
 -4.37930000   5.61500000  17.60000000 
 -4.35430000   5.83400000  17.75000000 
 -4.32930000   5.09800000  17.88000000 
 -4.30430000   5.72500000  18.01000000 
 -4.28030000   8.29400000  18.21000000 
 -4.25530000   6.64200000  18.40000000 
 -4.23030000   6.00900000  18.55000000 
 -4.20530000   6.56100000  18.72000000 
 -4.18030000   5.89900000  18.89000000 
 -4.15530000   4.68400000  19.02000000 
 -4.13030000   3.83600000  19.13000000 
 -4.10630000   2.74400000  19.20000000 
 -4.08130000   2.06600000  19.27000000 
 -4.05630000   1.93200000  19.32000000 
 -4.03130000   1.83100000  19.36000000 
 -4.00630000   1.77200000  19.41000000 
 -3.98130000   1.70000000  19.45000000 
 -3.95730000   1.68500000  19.49000000 
 -3.93230000   2.23200000  19.54000000 
 -3.90730000   2.80800000  19.60000000 
 -3.88230000   2.85700000  19.67000000 
 -3.85730000   2.57300000  19.74000000 
 -3.83230000   3.14600000  19.81000000 
 -3.80730000   2.91700000  19.88000000 
 -3.78330000   3.00300000  19.96000000 
 -3.75830000   3.60800000  20.04000000 
 -3.73330000   2.69100000  20.11000000 
 -3.70830000   2.74800000  20.18000000 
 -3.68330000   2.97600000  20.25000000 
 -3.65830000   3.37600000  20.33000000 
 -3.63330000   3.74500000  20.43000000 
 -3.60930000   4.37500000  20.53000000 
 -3.58430000   4.58200000  20.65000000 
 -3.55930000   3.80000000  20.75000000 
 -3.53430000   3.73900000  20.85000000 
 -3.50930000   4.07000000  20.94000000 
 -3.48430000   5.16700000  21.05000000 
 -3.46030000   6.41500000  21.20000000 
 -3.43530000   5.69100000  21.35000000 
 -3.41030000   5.59500000  21.49000000 
 -3.38530000   5.45700000  21.63000000 
 -3.36030000   5.31500000  21.76000000 
 -3.33530000   5.37900000  21.90000000 
 -3.31030000   4.77500000  22.03000000 
 -3.28630000   5.65000000  22.17000000 
 -3.26130000   4.70800000  22.29000000 
 -3.23630000   4.49300000  22.41000000 
 -3.21130000   4.23700000  22.52000000 
 -3.18630000   3.75000000  22.62000000 
 -3.16130000   3.56700000  22.72000000 
 -3.13730000   2.99600000  22.80000000 
 -3.11230000   2.84500000  22.87000000 
 -3.08730000   2.91700000  22.94000000 
 -3.06230000   3.24800000  23.02000000 
 -3.03730000   3.21600000  23.10000000 
 -3.01230000   3.27800000  23.18000000 
 -2.98730000   3.24400000  23.26000000 
 -2.96330000   3.22100000  23.34000000 
 -2.93830000   3.17300000  23.42000000 
 -2.91330000   3.29200000  23.50000000 
 -2.88830000   4.23400000  23.59000000 
 -2.86330000   5.26700000  23.71000000 
 -2.83830000   4.28500000  23.82000000 
 -2.81430000   5.00100000  23.94000000 
 -2.78930000   5.50400000  24.07000000 
 -2.76430000   6.38000000  24.21000000 
 -2.73930000   5.49300000  24.36000000 
 -2.71430000   5.22700000  24.49000000 
 -2.68930000   5.20900000  24.63000000 
 -2.66430000   5.50000000  24.76000000 
 -2.64030000   6.06600000  24.91000000 
 -2.61530000   5.87400000  25.05000000 
 -2.59030000   5.51700000  25.20000000 
 -2.56530000   5.98100000  25.34000000 
 -2.54030000   4.43300000  25.48000000 
 -2.51530000   3.82800000  25.58000000 
 -2.49130000   3.85000000  25.67000000 
 -2.46630000   3.94700000  25.77000000 
 -2.44130000   3.86500000  25.87000000 
 -2.41630000   3.60600000  25.96000000 
 -2.39130000   3.74400000  26.06000000 
 -2.36630000   2.84800000  26.15000000 
 -2.34130000   2.89400000  26.22000000 
 -2.31730000   2.93600000  26.30000000 
 -2.29230000   3.17100000  26.37000000 
 -2.26730000   3.24700000  26.45000000 
 -2.24230000   3.29800000  26.53000000 
 -2.21730000   3.27700000  26.62000000 
 -2.19230000   3.03300000  26.69000000 
 -2.16830000   2.99400000  26.77000000 
 -2.14330000   2.98200000  26.84000000 
 -2.11830000   2.96600000  26.92000000 
 -2.09330000   2.97300000  26.99000000 
 -2.06830000   3.11400000  27.07000000 
 -2.04330000   3.43300000  27.15000000 
 -2.01830000   3.94700000  27.24000000 
 -1.99430000   4.40000000  27.35000000 
 -1.96930000   4.79700000  27.46000000 
 -1.94430000   4.70300000  27.59000000 
 -1.91930000   4.90000000  27.71000000 
 -1.89430000   6.20700000  27.85000000 
 -1.86930000   6.27500000  28.02000000 
 -1.84530000   5.78100000  28.17000000 
 -1.82030000   4.72900000  28.30000000 
 -1.79530000   4.53900000  28.42000000 
 -1.77030000   4.39700000  28.53000000 
 -1.74530000   4.03500000  28.63000000 
 -1.72030000   3.57100000  28.72000000 
 -1.69530000   3.29700000  28.81000000 
 -1.67130000   4.14200000  28.89000000 
 -1.64630000   4.80300000  29.01000000 
 -1.62130000   5.41700000  29.15000000 
 -1.59630000   4.84200000  29.28000000 
 -1.57130000   5.00500000  29.40000000 
 -1.54630000   4.12200000  29.51000000 
 -1.52230000   4.24500000  29.62000000 
 -1.49730000   4.68800000  29.73000000 
 -1.47230000   5.04300000  29.85000000 
 -1.44730000   5.06600000  29.97000000 
 -1.42230000   5.04900000  30.10000000 
 -1.39730000   8.83500000  30.28000000 
 -1.37230000   8.93900000  30.53000000 
 -1.34830000   6.37800000  30.70000000 
 -1.32330000   6.95600000  30.87000000 
 -1.29830000   7.09400000  31.04000000 
 -1.27330000   6.34900000  31.21000000 
 -1.24830000   5.38900000  31.36000000 
 -1.22330000   4.31400000  31.48000000 
 -1.19930000   4.93300000  31.58000000 
 -1.17430000   4.23000000  31.70000000 
 -1.14930000   4.02300000  31.80000000 
 -1.12430000   4.53700000  31.90000000 
 -1.09930000   4.93600000  32.04000000 
 -1.07430000   3.22700000  32.14000000 
 -1.04930000   3.14700000  32.21000000 
 -1.02530000   3.48200000  32.30000000 
 -1.00030000   2.51800000  32.37000000 
 -0.97530000   2.50800000  32.43000000 
 -0.95030000   3.97000000  32.51000000 
 -0.92530000   3.22300000  32.61000000 
 -0.90030000   3.21700000  32.69000000 
 -0.87530000   4.19900000  32.78000000 
 -0.85130000   3.56800000  32.88000000 
 -0.82630000   3.77600000  32.97000000 
 -0.80130000   3.70700000  33.06000000 
 -0.77630000   4.55400000  33.17000000 
 -0.75130000   4.48100000  33.28000000 
 -0.72630000   5.28600000  33.41000000 
 -0.70230000   4.86500000  33.54000000 
 -0.67730000   4.65600000  33.66000000 
 -0.65230000   4.80600000  33.77000000 
 -0.62730000   5.86000000  33.91000000 
 -0.60230000   6.26200000  34.06000000 
 -0.57730000   5.15300000  34.20000000 
 -0.55230000   5.27800000  34.33000000 
 -0.52830000   5.56400000  34.47000000 
 -0.50330000   6.38800000  34.62000000 
 -0.47830000   7.09500000  34.79000000 
 -0.45330000   5.74200000  34.95000000 
 -0.42830000   4.90500000  35.08000000 
 -0.40330000   3.41600000  35.19000000 
 -0.37930000   3.47400000  35.27000000 
 -0.35430000   3.94200000  35.36000000 
 -0.32930000   3.18200000  35.46000000 
 -0.30430000   3.25100000  35.54000000 
 -0.27930000   2.69200000  35.61000000 
 -0.25430000   2.54700000  35.68000000 
 -0.22930000   2.01800000  35.74000000 
 -0.20530000   2.19100000  35.80000000 
 -0.18030000   1.20000000  35.85000000 
 -0.15530000   0.90570000  35.87000000 
 -0.13030000   0.89540000  35.89000000 
 -0.10530000   0.97330000  35.92000000 
 -0.08030000   0.90650000  35.94000000 
 -0.05630000   0.78290000  35.96000000 
 -0.03130000   0.85380000  35.98000000 
 -0.00630000   0.00000000  36.00000000 
  0.01870000   0.00000000  36.00000000 
  0.04370000   0.00000000  36.00000000 
  0.06870000   0.00000000  36.00000000 
  0.09370000   0.00000000  36.00000000 
  0.11770000   0.00000000  36.00000000 
  0.14270000   0.04571000  36.00000000 
  0.16770000   0.14460000  36.00000000 
  0.19270000   0.24360000  36.01000000 
  0.21770000   0.29980000  36.01000000 
  0.24270000   0.35440000  36.02000000 
  0.26670000   0.40900000  36.03000000 
  0.29170000   0.39500000  36.04000000 
  0.31670000   0.42130000  36.05000000 
  0.34170000   0.47420000  36.06000000 
  0.36670000   0.54420000  36.08000000 
  0.39170000   0.61410000  36.09000000 
  0.41670000   0.68410000  36.11000000 
  0.44070000   4.98200000  36.14000000 
  0.46570000   2.18700000  36.20000000 
  0.49070000   2.78000000  36.27000000 
  0.51570000   2.44800000  36.34000000 
  0.54070000   2.43600000  36.40000000 
  0.56570000   2.59200000  36.46000000 
  0.58970000   2.51300000  36.52000000 
  0.61470000   2.40200000  36.58000000 
  0.63970000   2.34600000  36.64000000 
  0.66470000   2.21900000  36.70000000 
  0.68970000   2.08800000  36.75000000 
  0.71470000   1.98700000  36.80000000 
  0.73970000   1.96600000  36.85000000 
  0.76370000   1.99600000  36.90000000 
  0.78870000   2.02500000  36.95000000 
  0.81370000   2.08500000  37.00000000 
  0.83870000   2.13800000  37.06000000 
  0.86370000   2.13500000  37.11000000 
  0.88870000   2.17700000  37.16000000 
  0.91270000   2.89700000  37.22000000 
  0.93770000   2.78500000  37.30000000 
  0.96270000   1.95700000  37.35000000 
  0.98770000   1.84400000  37.40000000 
  1.01270000   1.79900000  37.44000000 
  1.03770000   1.79200000  37.49000000 
  1.06270000   1.79300000  37.53000000 
  1.08670000   1.78300000  37.58000000 
  1.11170000   1.82700000  37.62000000 
  1.13670000   1.90500000  37.67000000 
  1.16170000   1.97900000  37.72000000 
  1.18670000   2.07000000  37.77000000 
  1.21170000   2.41200000  37.82000000 
  1.23570000   2.40300000  37.88000000 
  1.26070000   2.29900000  37.94000000 
  1.28570000   2.24300000  37.99000000 
  1.31070000   2.24900000  38.05000000 
  1.33570000   2.54900000  38.11000000 
  1.36070000   3.05300000  38.18000000 
  1.38570000   3.96300000  38.26000000 
  1.40970000   2.31400000  38.36000000 
  1.43470000   2.18900000  38.41000000 
  1.45970000   2.02500000  38.47000000 
  1.48470000   2.55800000  38.52000000 
  1.50970000   2.88100000  38.59000000 
  1.53470000   2.53800000  38.66000000 
  1.55870000   2.46800000  38.72000000 
  1.58370000   2.43500000  38.78000000 
  1.60870000   2.65200000  38.84000000 
  1.63370000   3.34800000  38.92000000 
  1.65870000   2.65400000  39.00000000 
  1.68370000   2.69800000  39.06000000 
  1.70870000   2.77900000  39.13000000 
  1.73270000   2.97500000  39.20000000 
  1.75770000   3.27500000  39.28000000 
  1.78270000   3.83600000  39.37000000 
  1.80770000   3.39000000  39.46000000 
  1.83270000   3.48700000  39.56000000 
  1.85770000   7.33100000  39.68000000 
  1.88170000   5.91200000  39.84000000 
  1.90670000   6.36400000  39.99000000 
  1.93170000   6.75100000  40.16000000 
  1.95670000   9.47300000  40.35000000 
  1.98170000   6.84200000  40.54000000 
  2.00670000   5.22300000  40.69000000 
  2.03170000   4.63700000  40.81000000 
  2.05570000   3.58800000  40.91000000 
  2.08070000   3.51000000  41.00000000 
  2.10570000   3.48200000  41.09000000 
  2.13070000   2.98800000  41.17000000 
  2.15570000   2.25500000  41.23000000 
  2.18070000   2.22900000  41.29000000 
  2.20570000   3.91700000  41.36000000 
  2.22970000   3.59300000  41.46000000 
  2.25470000   3.59300000  41.55000000 
  2.27970000   3.66100000  41.65000000 
  2.30470000   3.61900000  41.73000000 
  2.32970000   5.12600000  41.84000000 
  2.35470000   5.43700000  41.97000000 
  2.37870000   4.94200000  42.10000000 
  2.40370000   4.81400000  42.22000000 
  2.42870000   4.11900000  42.33000000 
  2.45370000   3.66800000  42.42000000 
  2.47870000   3.25100000  42.51000000 
  2.50370000   3.12300000  42.59000000 
  2.52870000   3.04500000  42.66000000 
  2.55270000   3.90400000  42.75000000 
  2.57770000   3.86500000  42.85000000 
  2.60270000   4.11000000  42.95000000 
  2.62770000   4.28300000  43.05000000 
  2.65270000   4.44400000  43.16000000 
  2.67770000   5.43200000  43.29000000 
  2.70170000   5.26800000  43.43000000 
  2.72670000   4.51900000  43.57000000 
  2.75170000   5.04900000  43.69000000 
  2.77670000   4.98800000  43.81000000 
  2.80170000   5.53100000  43.94000000 
  2.82670000   5.34500000  44.08000000 
  2.85170000   4.66800000  44.20000000 
  2.87570000   4.97700000  44.32000000 
  2.90070000   4.77300000  44.45000000 
  2.92570000   5.34600000  44.59000000 
  2.95070000   5.35400000  44.73000000 
  2.97570000   5.08700000  44.86000000 
  3.00070000   5.40500000  44.99000000 
  3.02470000   5.73000000  45.13000000 
  3.04970000   6.04800000  45.28000000 
  3.07470000   5.28700000  45.42000000 
  3.09970000   4.77800000  45.54000000 
  3.12470000   5.05600000  45.66000000 
  3.14970000   5.47300000  45.79000000 
  3.17470000   5.88900000  45.95000000 
  3.19870000   7.83400000  46.11000000 
  3.22370000   4.55300000  46.24000000 
  3.24870000   3.21700000  46.36000000 
  3.27370000   2.43500000  46.43000000 
  3.29870000   1.94600000  46.48000000 
  3.32370000   1.92300000  46.53000000 
  3.34770000   1.99900000  46.58000000 
  3.37270000   2.21700000  46.63000000 
  3.39770000   2.65800000  46.69000000 
  3.42270000   2.80600000  46.76000000 
  3.44770000   2.87100000  46.83000000 
  3.47270000   2.91700000  46.90000000 
  3.49770000   3.27900000  46.97000000 
  3.52170000   2.16000000  47.05000000 
  3.54670000   1.85300000  47.10000000 
  3.57170000   1.64300000  47.15000000 
  3.59670000   1.57200000  47.19000000 
  3.62170000   1.59200000  47.23000000 
  3.64670000   2.74300000  47.27000000 
  3.67070000   4.65100000  47.38000000 
  3.69570000   3.89200000  47.48000000 
  3.72070000   3.14700000  47.57000000 
  3.74570000   3.10500000  47.65000000 
  3.77070000   3.36300000  47.73000000 
  3.79570000   4.02500000  47.84000000 
  3.82070000   2.34900000  47.92000000 
  3.84470000   1.29200000  47.96000000 
  3.86970000   0.27220000  47.98000000 
  3.89470000   0.21400000  47.99000000 
  3.91970000   0.15590000  47.99000000 
  3.94470000   0.09778000  48.00000000 
  3.96970000   0.03964000  48.00000000 
  3.99370000   0.00000000  48.00000000 
  4.01870000   0.00000000  48.00000000 
  4.04370000   0.00000000  48.00000000 
  4.06870000   0.00000000  48.00000000 
  4.09370000   0.00000000  48.00000000 
  4.11870000   0.00000000  48.00000000 
  4.14370000   0.00000000  48.00000000 
  4.16770000   0.00000000  48.00000000 
  4.19270000   0.00000000  48.00000000 
  4.21770000   0.00000000  48.00000000 
  4.24270000   0.00000000  48.00000000 
  4.26770000   0.00000000  48.00000000 
  4.29270000   0.00000000  48.00000000 
  4.31670000   0.00000000  48.00000000 
  4.34170000   0.00000000  48.00000000 
  4.36670000   0.00000000  48.00000000 
  4.39170000   0.00000000  48.00000000 
  4.41670000   0.00000000  48.00000000 
  4.44170000   0.00000000  48.00000000 
  4.46670000   0.00000000  48.00000000 
  4.49070000   0.00000000  48.00000000 
  4.51570000   0.00000000  48.00000000 
  4.54070000   0.00000000  48.00000000 
  4.56570000   0.00000000  48.00000000 
  4.59070000   0.00000000  48.00000000 
  4.61570000   0.00000000  48.00000000 
  4.63970000   0.00000000  48.00000000 
  4.66470000   0.00000000  48.00000000 
  4.68970000   0.00000000  48.00000000 
  4.71470000   0.00000000  48.00000000 
  4.73970000   0.00000000  48.00000000 
  4.76470000   0.00000000  48.00000000 
  4.78970000   0.00000000  48.00000000 
  4.81370000   0.00000000  48.00000000 
  4.83870000   0.00000000  48.00000000 
  4.86370000   0.00000000  48.00000000 
  4.88870000   0.00000000  48.00000000 
