-14.96430000   0.00000000   0.00000000   0.00000000 
-14.93930000   0.00000000   0.00000000   0.00000000 
-14.91430000   0.00000000   0.00000000   0.00000000 
-14.88930000   0.00000000   0.00000000   0.00000000 
-14.86430000   0.00000000   0.00000000   0.00000000 
-14.83930000   0.00000000   0.00000000   0.00000000 
-14.81530000   0.00000000   0.00000000   0.00000000 
-14.79030000   0.00000000   0.00000000   0.00000000 
-14.76530000   0.00000000   0.00000000   0.00000000 
-14.74030000   0.00000000   0.00000000   0.00000000 
-14.71530000   0.00000000   0.00000000   0.00000000 
-14.69030000   0.00000000   0.00000000   0.00000000 
-14.66530000   0.00000000   0.00000000   0.00000000 
-14.64130000   0.00000000   0.00000000   0.00000000 
-14.61630000   0.00000000   0.00000000   0.00000000 
-14.59130000   0.00000000   0.00000000   0.00000000 
-14.56630000   0.00000000   0.00000000   0.00000000 
-14.54130000   0.00000000   0.00000000   0.00000000 
-14.51630000   0.00000000   0.00000000   0.00000000 
-14.49230000   0.00000000   0.00000000   0.00000000 
-14.46730000   0.00000000   0.00000000   0.00000000 
-14.44230000   0.00000000   0.00000000   0.00000000 
-14.41730000   0.00000000   0.00000000   0.00000000 
-14.39230000   0.00000000   0.00000000   0.00000000 
-14.36730000   0.00000000   0.00000000   0.00000000 
-14.34230000   0.00000000   0.00000000   0.00000000 
-14.31830000   0.00000000   0.00000000   0.00000000 
-14.29330000   0.00000000   0.00000000   0.00000000 
-14.26830000   0.00000000   0.00000000   0.00000000 
-14.24330000   0.00000000   0.00000000   0.00000000 
-14.21830000   0.00000000   0.00000000   0.00000000 
-14.19330000   0.00000000   0.00000000   0.00000000 
-14.16930000   0.00000000   0.00000000   0.00000000 
-14.14430000   0.00000000   0.00000000   0.00000000 
-14.11930000   0.00000000   0.00000000   0.00000000 
-14.09430000   0.00000000   0.00000000   0.00000000 
-14.06930000   0.00000000   0.00000000   0.00000000 
-14.04430000   0.25570000   0.01516000   0.00000000 
-14.01930000   0.22190000   0.01340000   0.00000000 
-13.99530000   0.25230000   0.01543000   0.00000000 
-13.97030000   0.24940000   0.01552000   0.00000000 
-13.94530000   0.26590000   0.01676000   0.00000000 
-13.92030000   0.28920000   0.01844000   0.00000000 
-13.89530000   0.33460000   0.02147000   0.00000000 
-13.87030000   0.42830000   0.02755000   0.00000000 
-13.84630000   0.31490000   0.02103000   0.00000000 
-13.82130000   0.28870000   0.01969000   0.00000000 
-13.79630000   0.23840000   0.01685000   0.00000000 
-13.77130000   0.23070000   0.01658000   0.00000000 
-13.74630000   0.21400000   0.01578000   0.00000000 
-13.72130000   0.19950000   0.01508000   0.00000000 
-13.69630000   0.18040000   0.01409000   0.00000000 
-13.67230000   0.17650000   0.01400000   0.00000000 
-13.64730000   0.17260000   0.01391000   0.00000000 
-13.62230000   0.16830000   0.01380000   0.00000000 
-13.59730000   0.15910000   0.01340000   0.00000000 
-13.57230000   0.14690000   0.01280000   0.00000000 
-13.54730000   0.14400000   0.01276000   0.00000000 
-13.52330000   0.14140000   0.01273000   0.00000000 
-13.49830000   0.13880000   0.01270000   0.00000000 
-13.47330000   0.13610000   0.01265000   0.00000000 
-13.44830000   0.13280000   0.01258000   0.00000000 
-13.42330000   0.12640000   0.01231000   0.00000000 
-13.39830000   0.12260000   0.01222000   0.00000000 
-13.37330000   0.12020000   0.01220000   0.00000000 
-13.34930000   0.11830000   0.01220000   0.00000000 
-13.32430000   0.11650000   0.01220000   0.00000000 
-13.29930000   0.11460000   0.01220000   0.00000000 
-13.27430000   0.11260000   0.01218000   0.00000000 
-13.24930000   0.11000000   0.01213000   0.00000000 
-13.22430000   0.10680000   0.01205000   0.00000000 
-13.20030000   0.10650000   0.01212000   0.00000000 
-13.17530000   0.14910000   0.01758000   0.00000000 
-13.15030000   0.11770000   0.01383000   0.00000000 
-13.12530000   0.10140000   0.01193000   0.00000000 
-13.10030000   0.09216000   0.01088000   0.00000000 
-13.07530000   0.08656000   0.01026000   0.00000000 
-13.05030000   0.09151000   0.01091000   0.00000000 
-13.02630000   0.02062000   0.00247700   0.00000000 
-13.00130000   0.00000000   0.00000000   0.00000000 
-12.97630000   0.00000000   0.00000000   0.00000000 
-12.95130000   0.11690000   0.01712000   0.00000000 
-12.92630000   0.08162000   0.01203000   0.00000000 
-12.90130000   0.07691000   0.01141000   0.00000000 
-12.87730000   0.08184000   0.01219000   0.00000000 
-12.85230000   0.09456000   0.01409000   0.00000000 
-12.82730000   0.10380000   0.01548000   0.00000000 
-12.80230000   0.25870000   0.03743000   0.00000000 
-12.77730000   0.08167000   0.01268000   0.00000000 
-12.75230000   0.08126000   0.01273000   0.00000000 
-12.72730000   0.08086000   0.01278000   0.00000000 
-12.70330000   0.07990000   0.01291000   0.00000000 
-12.67830000   0.07877000   0.01305000   0.00000000 
-12.65330000   0.07785000   0.01316000   0.00000000 
-12.62830000   0.07696000   0.01326000   0.00000000 
-12.60330000   0.07604000   0.01336000   0.00000000 
-12.57830000   0.07505000   0.01346000   0.00000000 
-12.55330000   0.07356000   0.01363000   0.00000000 
-12.52930000   0.07300000   0.01367000   0.00000000 
-12.50430000   0.07244000   0.01370000   0.00000000 
-12.47930000   0.07188000   0.01374000   0.00000000 
-12.45430000   0.07122000   0.01402000   0.00000000 
-12.42930000   0.07051000   0.01430000   0.00000000 
-12.40430000   0.06980000   0.01450000   0.00000000 
-12.38030000   0.06907000   0.01469000   0.00000000 
-12.35530000   0.06832000   0.01488000   0.00000000 
-12.33030000   0.06755000   0.01512000   0.00000000 
-12.30530000   0.06672000   0.01540000   0.00000000 
-12.28030000   0.06588000   0.01541000   0.00000000 
-12.25530000   0.06505000   0.01542000   0.00000000 
-12.23030000   0.06487000   0.01599000   0.00000000 
-12.20630000   0.06461000   0.01655000   0.00000000 
-12.18130000   0.06411000   0.01695000   0.00000000 
-12.15630000   0.06352000   0.01731000   0.00000000 
-12.13130000   0.06291000   0.01768000   0.00000000 
-12.10630000   0.06242000   0.01818000   0.00000000 
-12.08130000   0.06180000   0.01863000   0.00000000 
-12.05730000   0.06130000   0.01914000   0.00000000 
-12.03230000   0.06241000   0.02074000   0.00000000 
-12.00730000   0.06227000   0.02159000   0.00000000 
-11.98230000   0.06182000   0.02230000   0.00000000 
-11.95730000   0.06123000   0.02297000   0.00000000 
-11.93230000   0.06357000   0.02555000   0.00000000 
-11.90730000   0.06948000   0.03061000   0.00000000 
-11.88330000   0.07009000   0.03252000   0.00000000 
-11.85830000   0.09457000   0.04967000   0.00000000 
-11.83330000   0.07255000   0.03828000   0.00000000 
-11.80830000   0.05883000   0.03155000   0.00000000 
-11.78330000   0.05153000   0.02880000   0.00000000 
-11.75830000   0.04555000   0.02652000   0.00000000 
-11.73430000   0.03835000   0.02344000   0.00000000 
-11.70930000   0.03453000   0.02258000   0.00000000 
-11.68430000   0.02169000   0.01526000   0.00000000 
-11.65930000   0.00000000   0.00000000   0.00000000 
-11.63430000   0.00000000   0.00000000   0.00000000 
-11.60930000   0.00000000   0.00000000   0.00000000 
-11.58430000   0.00000000   0.00000000   0.00000000 
-11.56030000   0.00000000   0.00000000   0.00000000 
-11.53530000   0.00000000   0.00000000   0.00000000 
-11.51030000   0.00000000   0.00000000   0.00000000 
-11.48530000   0.00000000   0.00000000   0.00000000 
-11.46030000   0.00000000   0.00000000   0.00000000 
-11.43530000   0.00000000   0.00000000   0.00000000 
-11.41130000   0.00000000   0.00000000   0.00000000 
-11.38630000   0.00000000   0.00000000   0.00000000 
-11.36130000   0.00000000   0.00000000   0.00000000 
-11.33630000   0.00000000   0.00000000   0.00000000 
-11.31130000   0.00000000   0.00000000   0.00000000 
-11.28630000   0.00000000   0.00000000   0.00000000 
-11.26130000   0.00000000   0.00000000   0.00000000 
-11.23730000   0.00000000   0.00000000   0.00000000 
-11.21230000   0.00000000   0.00000000   0.00000000 
-11.18730000   0.00000000   0.00000000   0.00000000 
-11.16230000   0.00000000   0.00000000   0.00000000 
-11.13730000   0.00000000   0.00000000   0.00000000 
-11.11230000   0.00000000   0.00000000   0.00000000 
-11.08830000   0.00000000   0.00000000   0.00000000 
-11.06330000   0.00000000   0.00000000   0.00000000 
-11.03830000   0.00000000   0.00000000   0.00000000 
-11.01330000   0.00000000   0.00000000   0.00000000 
-10.98830000   0.00000000   0.00000000   0.00000000 
-10.96330000   0.05533000   0.00794800   0.00000000 
-10.93830000   0.04043000   0.00555400   0.00000000 
-10.91430000   0.04919000   0.00657600   0.00000000 
-10.88930000   0.04833000   0.00614000   0.00000000 
-10.86430000   0.05028000   0.00615400   0.00000000 
-10.83930000   0.05282000   0.00616800   0.00000000 
-10.81430000   0.05625000   0.00630700   0.00000000 
-10.78930000   0.06039000   0.00658700   0.00000000 
-10.76530000   0.06205000   0.00632000   0.00000000 
-10.74030000   0.06556000   0.00628000   0.00000000 
-10.71530000   0.06917000   0.00635400   0.00000000 
-10.69030000   0.07328000   0.00645800   0.00000000 
-10.66530000   0.08010000   0.00651700   0.00000000 
-10.64030000   0.08579000   0.00661700   0.00000000 
-10.61530000   0.09095000   0.00659100   0.00000000 
-10.59130000   0.09980000   0.00664500   0.00000000 
-10.56630000   0.11190000   0.00674200   0.00000000 
-10.54130000   0.12200000   0.00681900   0.00000000 
-10.51630000   0.13180000   0.00689900   0.00000000 
-10.49130000   0.17650000   0.00765300   0.00000000 
-10.46630000   0.18920000   0.00724400   0.00000000 
-10.44230000   0.27640000   0.00813900   0.00000000 
-10.41730000   0.85110000   0.01532000   0.00000000 
-10.39230000   1.48900000   0.02129000   0.00000000 
-10.36730000   1.61300000   0.02223000   0.00000000 
-10.34230000   2.02500000   0.02696000   0.00000000 
-10.31730000   1.48100000   0.02206000   0.00000000 
-10.29230000   1.25200000   0.01987000   0.00000000 
-10.26830000   1.27100000   0.02069000   0.00000000 
-10.24330000   1.51600000   0.02363000   0.00000000 
-10.21830000   1.80200000   0.02756000   0.00000000 
-10.19330000   0.35940000   0.00810600   0.00000000 
-10.16830000   0.31540000   0.00799100   0.00000000 
-10.14330000   0.29200000   0.00898100   0.00000000 
-10.11930000   0.30990000   0.01046000   0.00000000 
-10.09430000   0.24930000   0.00711700   0.00000000 
-10.06930000   0.27850000   0.00705800   0.00000000 
-10.04430000   0.00000000   0.00000000   0.00000000 
-10.01930000   0.00000000   0.00000000   0.00000000 
 -9.99430000   0.00000000   0.00000000   0.00000000 
 -9.96930000   0.00000000   0.00000000   0.00000000 
 -9.94530000   0.00000000   0.00000000   0.00000000 
 -9.92030000   0.00000000   0.00000000   0.00000000 
 -9.89530000   0.00000000   0.00000000   0.00000000 
 -9.87030000   0.00000000   0.00000000   0.00000000 
 -9.84530000   0.00000000   0.00000000   0.00000000 
 -9.82030000   0.00000000   0.00000000   0.00000000 
 -9.79530000   0.00000000   0.00000000   0.00000000 
 -9.77130000   0.00000000   0.00000000   0.00000000 
 -9.74630000   0.00000000   0.00000000   0.00000000 
 -9.72130000   0.00000000   0.00000000   0.00000000 
 -9.69630000   0.00000000   0.00000000   0.00000000 
 -9.67130000   0.00000000   0.00000000   0.00000000 
 -9.64630000   0.00000000   0.00000000   0.00000000 
 -9.62230000   0.00000000   0.00000000   0.00000000 
 -9.59730000   0.00000000   0.00000000   0.00000000 
 -9.57230000   0.00000000   0.00000000   0.00000000 
 -9.54730000   0.00000000   0.00000000   0.00000000 
 -9.52230000   0.00000000   0.00000000   0.00000000 
 -9.49730000   0.00000000   0.00000000   0.00000000 
 -9.47230000   0.00000000   0.00000000   0.00000000 
 -9.44830000   0.00000000   0.00000000   0.00000000 
 -9.42330000   0.00000000   0.00000000   0.00000000 
 -9.39830000   0.00000000   0.00000000   0.00000000 
 -9.37330000   0.00000000   0.00000000   0.00000000 
 -9.34830000   0.00000000   0.00000000   0.00000000 
 -9.32330000   0.00000000   0.00000000   0.00000000 
 -9.29930000   0.00000000   0.00000000   0.00000000 
 -9.27430000   0.00000000   0.00000000   0.00000000 
 -9.24930000   0.00000000   0.00000000   0.00000000 
 -9.22430000   0.00000000   0.00000000   0.00000000 
 -9.19930000   0.00000000   0.00000000   0.00000000 
 -9.17430000   0.00000000   0.00000000   0.00000000 
 -9.14930000   0.00000000   0.00000000   0.00000000 
 -9.12530000   0.00000000   0.00000000   0.00000000 
 -9.10030000   0.00000000   0.00000000   0.00000000 
 -9.07530000   0.00000000   0.00000000   0.00000000 
 -9.05030000   0.00000000   0.00000000   0.00000000 
 -9.02530000   0.00000000   0.00000000   0.00000000 
 -9.00030000   0.00000000   0.00000000   0.00000000 
 -8.97630000   0.00000000   0.00000000   0.00000000 
 -8.95130000   0.00000000   0.00000000   0.00000000 
 -8.92630000   0.00000000   0.00000000   0.00000000 
 -8.90130000   0.00000000   0.00000000   0.00000000 
 -8.87630000   0.00000000   0.00000000   0.00000000 
 -8.85130000   0.00000000   0.00000000   0.00000000 
 -8.82630000   0.00000000   0.00000000   0.00000000 
 -8.80230000   0.00000000   0.00000000   0.00000000 
 -8.77730000   0.00000000   0.00000000   0.00000000 
 -8.75230000   0.02251000   0.04463000   0.00000000 
 -8.72730000   0.02896000   0.04078000   0.00000000 
 -8.70230000   0.03760000   0.04201000   0.00000000 
 -8.67730000   0.04570000   0.04394000   0.00000000 
 -8.65330000   0.05291000   0.04409000   0.00000000 
 -8.62830000   0.05933000   0.04493000   0.00000000 
 -8.60330000   0.06501000   0.04613000   0.00000000 
 -8.57830000   0.07112000   0.04812000   0.00000000 
 -8.55330000   0.07481000   0.04900000   0.00000000 
 -8.52830000   0.07790000   0.04985000   0.00000000 
 -8.50330000   0.08104000   0.05112000   0.00000000 
 -8.47930000   0.08627000   0.05340000   0.00000000 
 -8.45430000   0.09596000   0.05739000   0.00000000 
 -8.42930000   0.13400000   0.07005000   0.00000000 
 -8.40430000   0.08741000   0.05787000   0.00000000 
 -8.37930000   0.07479000   0.05505000   0.00000000 
 -8.35430000   0.06571000   0.05381000   0.00000000 
 -8.33030000   0.06258000   0.05713000   0.00000000 
 -8.30530000   0.09650000   0.07044000   0.00000000 
 -8.28030000   0.13330000   0.09015000   0.00000000 
 -8.25530000   0.10860000   0.09102000   0.00000000 
 -8.23030000   0.11050000   0.07926000   0.00000000 
 -8.20530000   0.11800000   0.08047000   0.00000000 
 -8.18030000   0.12550000   0.08393000   0.00000000 
 -8.15630000   0.12850000   0.08584000   0.00000000 
 -8.13130000   0.13960000   0.09398000   0.00000000 
 -8.10630000   0.15580000   0.10730000   0.00000000 
 -8.08130000   0.19740000   0.14000000   0.00000000 
 -8.05630000   0.09499000   0.04050000   0.00000000 
 -8.03130000   0.09202000   0.03763000   0.00000000 
 -8.00730000   0.08934000   0.03541000   0.00000000 
 -7.98230000   0.07636000   0.02768000   0.00000000 
 -7.95730000   0.07625000   0.02726000   0.00000000 
 -7.93230000   0.07615000   0.02685000   0.00000000 
 -7.90730000   0.07597000   0.02641000   0.00000000 
 -7.88230000   0.07564000   0.02589000   0.00000000 
 -7.85730000   0.07520000   0.02534000   0.00000000 
 -7.83330000   0.07447000   0.02467000   0.00000000 
 -7.80830000   0.07349000   0.02394000   0.00000000 
 -7.78330000   0.07243000   0.02307000   0.00000000 
 -7.75830000   0.07075000   0.02213000   0.00000000 
 -7.73330000   0.06949000   0.02144000   0.00000000 
 -7.70830000   0.06954000   0.02123000   0.00000000 
 -7.68430000   0.06953000   0.02100000   0.00000000 
 -7.65930000   0.06946000   0.02075000   0.00000000 
 -7.63430000   0.06938000   0.02051000   0.00000000 
 -7.60930000   0.06924000   0.02025000   0.00000000 
 -7.58430000   0.07041000   0.02032000   0.00000000 
 -7.55930000   0.07098000   0.02022000   0.00000000 
 -7.53430000   0.07117000   0.02001000   0.00000000 
 -7.51030000   0.07131000   0.01979000   0.00000000 
 -7.48530000   0.07116000   0.01948000   0.00000000 
 -7.46030000   0.07075000   0.01907000   0.00000000 
 -7.43530000   0.07036000   0.01866000   0.00000000 
 -7.41030000   0.07406000   0.01951000   0.00000000 
 -7.38530000   0.07592000   0.01979000   0.00000000 
 -7.36130000   0.07779000   0.02006000   0.00000000 
 -7.33630000   0.07863000   0.02000000   0.00000000 
 -7.31130000   0.07917000   0.01984000   0.00000000 
 -7.28630000   0.10090000   0.02568000   0.00000000 
 -7.26130000   0.09838000   0.02446000   0.00000000 
 -7.23630000   0.08823000   0.02115000   0.00000000 
 -7.21130000   0.07879000   0.01804000   0.00000000 
 -7.18730000   0.07553000   0.01679000   0.00000000 
 -7.16230000   0.07390000   0.01603000   0.00000000 
 -7.13730000   0.07228000   0.01524000   0.00000000 
 -7.11230000   0.07014000   0.01420000   0.00000000 
 -7.08730000   0.06780000   0.01328000   0.00000000 
 -7.06230000   0.06613000   0.01265000   0.00000000 
 -7.03830000   0.06474000   0.01210000   0.00000000 
 -7.01330000   0.06376000   0.01168000   0.00000000 
 -6.98830000   0.06277000   0.01124000   0.00000000 
 -6.96330000   0.06176000   0.01075000   0.00000000 
 -6.93830000   0.06067000   0.01012000   0.00000000 
 -6.91330000   0.05945000   0.00965000   0.00000000 
 -6.88830000   0.05826000   0.00918000   0.00000000 
 -6.86430000   0.05772000   0.00880900   0.00000000 
 -6.83930000   0.05718000   0.00843800   0.00000000 
 -6.81430000   0.05717000   0.00805400   0.00000000 
 -6.78930000   0.05761000   0.00758800   0.00000000 
 -6.76430000   0.05631000   0.00711200   0.00000000 
 -6.73930000   0.05450000   0.00662300   0.00000000 
 -6.71430000   0.05310000   0.00627500   0.00000000 
 -6.69030000   0.05169000   0.00593100   0.00000000 
 -6.66530000   0.05087000   0.00558900   0.00000000 
 -6.64030000   0.05021000   0.00524700   0.00000000 
 -6.61530000   0.04997000   0.00480300   0.00000000 
 -6.59030000   0.04873000   0.00449900   0.00000000 
 -6.56530000   0.04974000   0.00428900   0.00000000 
 -6.54130000   0.05836000   0.00445200   0.00000000 
 -6.51630000   0.05294000   0.00374100   0.00000000 
 -6.49130000   0.04433000   0.00292200   0.00000000 
 -6.46630000   0.03197000   0.00200400   0.00000000 
 -6.44130000   0.01951000   0.00112300   0.00000000 
 -6.41630000   0.00000000   0.00000000   0.00000000 
 -6.39130000   0.00000000   0.00000000   0.00000000 
 -6.36730000   0.00000000   0.00000000   0.00000000 
 -6.34230000   0.00000000   0.00000000   0.00000000 
 -6.31730000   0.00000000   0.00000000   0.00000000 
 -6.29230000   0.00000000   0.00000000   0.00000000 
 -6.26730000   0.00000000   0.00000000   0.00000000 
 -6.24230000   0.00284800   0.03321000   0.00000000 
 -6.21830000   0.00367000   0.03661000   0.00000000 
 -6.19330000   0.00416400   0.03821000   0.00000000 
 -6.16830000   0.00421000   0.03435000   0.00000000 
 -6.14330000   0.00411700   0.02937000   0.00000000 
 -6.11830000   0.00419200   0.02779000   0.00000000 
 -6.09330000   0.00613500   0.03981000   0.00000000 
 -6.06830000   0.00676300   0.04183000   0.00000000 
 -6.04430000   0.00739500   0.04347000   0.00000000 
 -6.01930000   0.00787900   0.04333000   0.00000000 
 -5.99430000   0.00834500   0.04284000   0.00000000 
 -5.96930000   0.00873700   0.04242000   0.00000000 
 -5.94430000   0.00928000   0.04358000   0.00000000 
 -5.91930000   0.00982800   0.04467000   0.00000000 
 -5.89530000   0.01045000   0.04569000   0.00000000 
 -5.87030000   0.01107000   0.04706000   0.00000000 
 -5.84530000   0.01174000   0.04823000   0.00000000 
 -5.82030000   0.01238000   0.04943000   0.00000000 
 -5.79530000   0.01301000   0.05061000   0.00000000 
 -5.77030000   0.01364000   0.05156000   0.00000000 
 -5.74530000   0.01438000   0.05405000   0.00000000 
 -5.72130000   0.01514000   0.05650000   0.00000000 
 -5.69630000   0.01610000   0.05942000   0.00000000 
 -5.67130000   0.01717000   0.06318000   0.00000000 
 -5.64630000   0.02662000   0.17170000   0.00000000 
 -5.62130000   0.03653000   0.27520000   0.00000000 
 -5.59630000   0.04058000   0.30210000   0.00000000 
 -5.57230000   0.04425000   0.32730000   0.00000000 
 -5.54730000   0.03891000   0.25300000   0.00000000 
 -5.52230000   0.03595000   0.20370000   0.00000000 
 -5.49730000   0.03591000   0.17940000   0.00000000 
 -5.47230000   0.04370000   0.21470000   0.00000000 
 -5.44730000   0.06339000   0.32620000   0.00000000 
 -5.42230000   0.05111000   0.24470000   0.00000000 
 -5.39830000   0.06808000   0.32070000   0.00000000 
 -5.37330000   0.07213000   0.31480000   0.00000000 
 -5.34830000   0.06036000   0.25970000   0.00000000 
 -5.32330000   0.06064000   0.26000000   0.00000000 
 -5.29830000   0.06253000   0.26230000   0.00000000 
 -5.27330000   0.06274000   0.26000000   0.00000000 
 -5.24930000   0.06684000   0.27790000   0.00000000 
 -5.22430000   0.07073000   0.28100000   0.00000000 
 -5.19930000   0.08267000   0.30910000   0.00000000 
 -5.17430000   0.09149000   0.31290000   0.00000000 
 -5.14930000   0.06548000   0.20340000   0.00000000 
 -5.12430000   0.07401000   0.23760000   0.00000000 
 -5.09930000   0.05693000   0.16560000   0.00000000 
 -5.07530000   0.05593000   0.15610000   0.00000000 
 -5.05030000   0.05809000   0.16090000   0.00000000 
 -5.02530000   0.06287000   0.16550000   0.00000000 
 -5.00030000   0.05651000   0.15000000   0.00000000 
 -4.97530000   0.04821000   0.14200000   0.00000000 
 -4.95030000   0.04083000   0.13500000   0.00000000 
 -4.92630000   0.03442000   0.11100000   0.00000000 
 -4.90130000   0.02407000   0.08297000   0.00000000 
 -4.87630000   0.00770600   0.05794000   0.00000000 
 -4.85130000   0.00936300   0.06154000   0.00000000 
 -4.82630000   0.01803000   0.07572000   0.00000000 
 -4.80130000   0.04169000   0.11890000   0.00000000 
 -4.77630000   0.03499000   0.11560000   0.00000000 
 -4.75230000   0.03173000   0.11690000   0.00000000 
 -4.72730000   0.03205000   0.12370000   0.00000000 
 -4.70230000   0.03771000   0.14610000   0.00000000 
 -4.67730000   0.02885000   0.12120000   0.00000000 
 -4.65230000   0.02671000   0.11500000   0.00000000 
 -4.62730000   0.03173000   0.12410000   0.00000000 
 -4.60330000   0.03384000   0.13960000   0.00000000 
 -4.57830000   0.03924000   0.16520000   0.00000000 
 -4.55330000   0.04288000   0.17670000   0.00000000 
 -4.52830000   0.05343000   0.20500000   0.00000000 
 -4.50330000   0.06633000   0.26860000   0.00000000 
 -4.47830000   0.05377000   0.22630000   0.00000000 
 -4.45330000   0.05011000   0.22570000   0.00000000 
 -4.42930000   0.04592000   0.23410000   0.00000000 
 -4.40430000   0.04270000   0.25190000   0.00000000 
 -4.37930000   0.04345000   0.30100000   0.00000000 
 -4.35430000   0.04461000   0.30940000   0.00000000 
 -4.32930000   0.03863000   0.25920000   0.00000000 
 -4.30430000   0.04077000   0.27560000   0.00000000 
 -4.28030000   0.05528000   0.36910000   0.00000000 
 -4.25530000   0.04235000   0.30890000   0.00000000 
 -4.23030000   0.03733000   0.29250000   0.00000000 
 -4.20530000   0.03510000   0.30850000   0.00000000 
 -4.18030000   0.03245000   0.29370000   0.00000000 
 -4.15530000   0.02549000   0.23510000   0.00000000 
 -4.13030000   0.01882000   0.19300000   0.00000000 
 -4.10630000   0.01130000   0.13380000   0.00000000 
 -4.08130000   0.00796100   0.11450000   0.00000000 
 -4.05630000   0.00730600   0.10890000   0.00000000 
 -4.03130000   0.00683600   0.10490000   0.00000000 
 -4.00630000   0.00654900   0.10230000   0.00000000 
 -3.98130000   0.00619200   0.09894000   0.00000000 
 -3.95730000   0.00608300   0.09839000   0.00000000 
 -3.93230000   0.00941700   0.12720000   0.00000000 
 -3.90730000   0.01336000   0.15660000   0.00000000 
 -3.88230000   0.01265000   0.16140000   0.00000000 
 -3.85730000   0.01173000   0.14720000   0.00000000 
 -3.83230000   0.01716000   0.18740000   0.00000000 
 -3.80730000   0.01515000   0.16720000   0.00000000 
 -3.78330000   0.01584000   0.17200000   0.00000000 
 -3.75830000   0.02204000   0.20830000   0.00000000 
 -3.73330000   0.01954000   0.14480000   0.00000000 
 -3.70830000   0.01959000   0.14820000   0.00000000 
 -3.68330000   0.02248000   0.15860000   0.00000000 
 -3.65830000   0.02651000   0.17940000   0.00000000 
 -3.63330000   0.03471000   0.18890000   0.00000000 
 -3.60930000   0.03785000   0.22380000   0.00000000 
 -3.58430000   0.04508000   0.21610000   0.00000000 
 -3.55930000   0.04430000   0.15880000   0.00000000 
 -3.53430000   0.04712000   0.14490000   0.00000000 
 -3.50930000   0.05063000   0.16150000   0.00000000 
 -3.48430000   0.07082000   0.21170000   0.00000000 
 -3.46030000   0.09457000   0.28000000   0.00000000 
 -3.43530000   0.07131000   0.26010000   0.00000000 
 -3.41030000   0.06470000   0.24230000   0.00000000 
 -3.38530000   0.05594000   0.22710000   0.00000000 
 -3.36030000   0.05021000   0.21690000   0.00000000 
 -3.33530000   0.05359000   0.22610000   0.00000000 
 -3.31030000   0.05590000   0.20590000   0.00000000 
 -3.28630000   0.06135000   0.23090000   0.00000000 
 -3.26130000   0.05534000   0.19960000   0.00000000 
 -3.23630000   0.05347000   0.19660000   0.00000000 
 -3.21130000   0.04786000   0.19240000   0.00000000 
 -3.18630000   0.03578000   0.18070000   0.00000000 
 -3.16130000   0.02889000   0.18530000   0.00000000 
 -3.13730000   0.02264000   0.15640000   0.00000000 
 -3.11230000   0.02155000   0.14890000   0.00000000 
 -3.08730000   0.02228000   0.15700000   0.00000000 
 -3.06230000   0.02375000   0.18910000   0.00000000 
 -3.03730000   0.02408000   0.18730000   0.00000000 
 -3.01230000   0.02447000   0.19250000   0.00000000 
 -2.98730000   0.02428000   0.19140000   0.00000000 
 -2.96330000   0.02418000   0.19330000   0.00000000 
 -2.93830000   0.02478000   0.19320000   0.00000000 
 -2.91330000   0.02620000   0.20400000   0.00000000 
 -2.88830000   0.02984000   0.24240000   0.00000000 
 -2.86330000   0.04422000   0.32140000   0.00000000 
 -2.83830000   0.02843000   0.23130000   0.00000000 
 -2.81430000   0.02955000   0.26000000   0.00000000 
 -2.78930000   0.02984000   0.28460000   0.00000000 
 -2.76430000   0.03430000   0.34000000   0.00000000 
 -2.73930000   0.02866000   0.28840000   0.00000000 
 -2.71430000   0.02743000   0.27160000   0.00000000 
 -2.68930000   0.02681000   0.26890000   0.00000000 
 -2.66430000   0.02808000   0.30010000   0.00000000 
 -2.64030000   0.03103000   0.34220000   0.00000000 
 -2.61530000   0.02976000   0.32350000   0.00000000 
 -2.59030000   0.02896000   0.28510000   0.00000000 
 -2.56530000   0.03035000   0.27660000   0.00000000 
 -2.54030000   0.02710000   0.23880000   0.00000000 
 -2.51530000   0.02528000   0.21210000   0.00000000 
 -2.49130000   0.02478000   0.21810000   0.00000000 
 -2.46630000   0.02614000   0.22570000   0.00000000 
 -2.44130000   0.02568000   0.22240000   0.00000000 
 -2.41630000   0.02410000   0.21540000   0.00000000 
 -2.39130000   0.02462000   0.22380000   0.00000000 
 -2.36630000   0.02135000   0.17700000   0.00000000 
 -2.34130000   0.02205000   0.18010000   0.00000000 
 -2.31730000   0.02268000   0.18240000   0.00000000 
 -2.29230000   0.02538000   0.20150000   0.00000000 
 -2.26730000   0.02644000   0.20660000   0.00000000 
 -2.24230000   0.02719000   0.21100000   0.00000000 
 -2.21730000   0.02708000   0.20940000   0.00000000 
 -2.19230000   0.02536000   0.18510000   0.00000000 
 -2.16830000   0.02550000   0.17940000   0.00000000 
 -2.14330000   0.02588000   0.17360000   0.00000000 
 -2.11830000   0.02591000   0.16700000   0.00000000 
 -2.09330000   0.02555000   0.16260000   0.00000000 
 -2.06830000   0.02662000   0.16970000   0.00000000 
 -2.04330000   0.02815000   0.17590000   0.00000000 
 -2.01830000   0.02846000   0.19190000   0.00000000 
 -1.99430000   0.03040000   0.20650000   0.00000000 
 -1.96930000   0.03624000   0.24810000   0.00000000 
 -1.94430000   0.03685000   0.24500000   0.00000000 
 -1.91930000   0.03796000   0.25060000   0.00000000 
 -1.89430000   0.04562000   0.29560000   0.00000000 
 -1.86930000   0.04561000   0.29600000   0.00000000 
 -1.84530000   0.04245000   0.27850000   0.00000000 
 -1.82030000   0.03898000   0.25960000   0.00000000 
 -1.79530000   0.03848000   0.25170000   0.00000000 
 -1.77030000   0.03820000   0.24030000   0.00000000 
 -1.74530000   0.03916000   0.22360000   0.00000000 
 -1.72030000   0.03419000   0.20520000   0.00000000 
 -1.69530000   0.02873000   0.18950000   0.00000000 
 -1.67130000   0.03318000   0.23130000   0.00000000 
 -1.64630000   0.02813000   0.25700000   0.00000000 
 -1.62130000   0.02844000   0.30390000   0.00000000 
 -1.59630000   0.02574000   0.27410000   0.00000000 
 -1.57130000   0.02803000   0.28060000   0.00000000 
 -1.54630000   0.02315000   0.23740000   0.00000000 
 -1.52230000   0.02312000   0.24320000   0.00000000 
 -1.49730000   0.02338000   0.25800000   0.00000000 
 -1.47230000   0.02560000   0.28590000   0.00000000 
 -1.44730000   0.02620000   0.28830000   0.00000000 
 -1.42230000   0.02836000   0.29610000   0.00000000 
 -1.39730000   0.04925000   0.51590000   0.00000000 
 -1.37230000   0.04576000   0.49820000   0.00000000 
 -1.34830000   0.03470000   0.36510000   0.00000000 
 -1.32330000   0.03558000   0.38350000   0.00000000 
 -1.29830000   0.03701000   0.38140000   0.00000000 
 -1.27330000   0.03431000   0.33640000   0.00000000 
 -1.24830000   0.02767000   0.28940000   0.00000000 
 -1.22330000   0.02221000   0.23230000   0.00000000 
 -1.19930000   0.02404000   0.25990000   0.00000000 
 -1.17430000   0.02152000   0.22740000   0.00000000 
 -1.14930000   0.01982000   0.21410000   0.00000000 
 -1.12430000   0.02284000   0.22600000   0.00000000 
 -1.09930000   0.02546000   0.23290000   0.00000000 
 -1.07430000   0.01152000   0.17540000   0.00000000 
 -1.04930000   0.00982200   0.16970000   0.00000000 
 -1.02530000   0.00982400   0.18560000   0.00000000 
 -1.00030000   0.00644400   0.13700000   0.00000000 
 -0.97530000   0.00602500   0.13570000   0.00000000 
 -0.95030000   0.01194000   0.24090000   0.00000000 
 -0.92530000   0.00798100   0.18860000   0.00000000 
 -0.90030000   0.00695200   0.18730000   0.00000000 
 -0.87530000   0.00692500   0.24270000   0.00000000 
 -0.85130000   0.00594600   0.19840000   0.00000000 
 -0.82630000   0.00562000   0.20510000   0.00000000 
 -0.80130000   0.00580300   0.20390000   0.00000000 
 -0.77630000   0.00812100   0.25350000   0.00000000 
 -0.75130000   0.00935200   0.24360000   0.00000000 
 -0.72630000   0.01217000   0.28870000   0.00000000 
 -0.70230000   0.01282000   0.25850000   0.00000000 
 -0.67730000   0.01250000   0.25080000   0.00000000 
 -0.65230000   0.01380000   0.25870000   0.00000000 
 -0.62730000   0.01764000   0.30180000   0.00000000 
 -0.60230000   0.01836000   0.31830000   0.00000000 
 -0.57730000   0.01234000   0.26150000   0.00000000 
 -0.55230000   0.01164000   0.27000000   0.00000000 
 -0.52830000   0.01173000   0.28550000   0.00000000 
 -0.50330000   0.01249000   0.32450000   0.00000000 
 -0.47830000   0.01216000   0.36350000   0.00000000 
 -0.45330000   0.01161000   0.30430000   0.00000000 
 -0.42830000   0.01393000   0.27390000   0.00000000 
 -0.40330000   0.01297000   0.21220000   0.00000000 
 -0.37930000   0.01308000   0.22040000   0.00000000 
 -0.35430000   0.01362000   0.24940000   0.00000000 
 -0.32930000   0.01360000   0.20930000   0.00000000 
 -0.30430000   0.01630000   0.22970000   0.00000000 
 -0.27930000   0.01282000   0.18610000   0.00000000 
 -0.25430000   0.01255000   0.17660000   0.00000000 
 -0.22930000   0.00916100   0.13100000   0.00000000 
 -0.20530000   0.01092000   0.14840000   0.00000000 
 -0.18030000   0.00244600   0.07046000   0.00000000 
 -0.15530000   0.00018750   0.04830000   0.00000000 
 -0.13030000   0.00013970   0.04821000   0.00000000 
 -0.10530000   0.00008151   0.05324000   0.00000000 
 -0.08030000   0.00005913   0.05010000   0.00000000 
 -0.05630000   0.00003735   0.04360000   0.00000000 
 -0.03130000   0.00002159   0.04818000   0.00000000 
 -0.00630000   0.00000000   0.00000000   0.00000000 
  0.01870000   0.00000000   0.00000000   0.00000000 
  0.04370000   0.00000000   0.00000000   0.00000000 
  0.06870000   0.00000000   0.00000000   0.00000000 
  0.09370000   0.00000000   0.00000000   0.00000000 
  0.11770000   0.00000000   0.00000000   0.00000000 
  0.14270000   0.00069840   0.00135100   0.00000000 
  0.16770000   0.00221500   0.00428800   0.00000000 
  0.19270000   0.00373700   0.00724300   0.00000000 
  0.21770000   0.00454700   0.00921600   0.00000000 
  0.24270000   0.00532200   0.01116000   0.00000000 
  0.26670000   0.00608900   0.01312000   0.00000000 
  0.29170000   0.00545100   0.01422000   0.00000000 
  0.31670000   0.00536000   0.01676000   0.00000000 
  0.34170000   0.00567400   0.02012000   0.00000000 
  0.36670000   0.00616900   0.02432000   0.00000000 
  0.39170000   0.00659000   0.02882000   0.00000000 
  0.41670000   0.00653300   0.03553000   0.00000000 
  0.44070000   0.01472000   0.38930000   0.00000000 
  0.46570000   0.01257000   0.14750000   0.00000000 
  0.49070000   0.01542000   0.18030000   0.00000000 
  0.51570000   0.01386000   0.15480000   0.00000000 
  0.54070000   0.01400000   0.15140000   0.00000000 
  0.56570000   0.01564000   0.14220000   0.00000000 
  0.58970000   0.01618000   0.13460000   0.00000000 
  0.61470000   0.01645000   0.12600000   0.00000000 
  0.63970000   0.01686000   0.12090000   0.00000000 
  0.66470000   0.01604000   0.11300000   0.00000000 
  0.68970000   0.01620000   0.09811000   0.00000000 
  0.71470000   0.01580000   0.08955000   0.00000000 
  0.73970000   0.01574000   0.08716000   0.00000000 
  0.76370000   0.01594000   0.08747000   0.00000000 
  0.78870000   0.01600000   0.08834000   0.00000000 
  0.81370000   0.01636000   0.09095000   0.00000000 
  0.83870000   0.01671000   0.09376000   0.00000000 
  0.86370000   0.01684000   0.09413000   0.00000000 
  0.88870000   0.01714000   0.09694000   0.00000000 
  0.91270000   0.02166000   0.13800000   0.00000000 
  0.93770000   0.02185000   0.13540000   0.00000000 
  0.96270000   0.01580000   0.07986000   0.00000000 
  0.98770000   0.01468000   0.07378000   0.00000000 
  1.01270000   0.01425000   0.07099000   0.00000000 
  1.03770000   0.01400000   0.07061000   0.00000000 
  1.06270000   0.01369000   0.07094000   0.00000000 
  1.08670000   0.01323000   0.07084000   0.00000000 
  1.11170000   0.01303000   0.07357000   0.00000000 
  1.13670000   0.01322000   0.07916000   0.00000000 
  1.16170000   0.01339000   0.08595000   0.00000000 
  1.18670000   0.01331000   0.09279000   0.00000000 
  1.21170000   0.01389000   0.12130000   0.00000000 
  1.23570000   0.01344000   0.13120000   0.00000000 
  1.26070000   0.01249000   0.12620000   0.00000000 
  1.28570000   0.01187000   0.12590000   0.00000000 
  1.31070000   0.01163000   0.12830000   0.00000000 
  1.33570000   0.01295000   0.14500000   0.00000000 
  1.36070000   0.01522000   0.17570000   0.00000000 
  1.38570000   0.01898000   0.27350000   0.00000000 
  1.40970000   0.01386000   0.10000000   0.00000000 
  1.43470000   0.01399000   0.09558000   0.00000000 
  1.45970000   0.01412000   0.08903000   0.00000000 
  1.48470000   0.01776000   0.11950000   0.00000000 
  1.50970000   0.02014000   0.14120000   0.00000000 
  1.53470000   0.01874000   0.12540000   0.00000000 
  1.55870000   0.01860000   0.12170000   0.00000000 
  1.58370000   0.01882000   0.12210000   0.00000000 
  1.60870000   0.02090000   0.13130000   0.00000000 
  1.63370000   0.02834000   0.17910000   0.00000000 
  1.65870000   0.02300000   0.13770000   0.00000000 
  1.68370000   0.02272000   0.13790000   0.00000000 
  1.70870000   0.02270000   0.14000000   0.00000000 
  1.73270000   0.02907000   0.15180000   0.00000000 
  1.75770000   0.04056000   0.16980000   0.00000000 
  1.78270000   0.04624000   0.19110000   0.00000000 
  1.80770000   0.04201000   0.16890000   0.00000000 
  1.83270000   0.04400000   0.16220000   0.00000000 
  1.85770000   0.09581000   0.28250000   0.00000000 
  1.88170000   0.07157000   0.22080000   0.00000000 
  1.90670000   0.07633000   0.22070000   0.00000000 
  1.93170000   0.08199000   0.22320000   0.00000000 
  1.95670000   0.10700000   0.29890000   0.00000000 
  1.98170000   0.07560000   0.20640000   0.00000000 
  2.00670000   0.05198000   0.16670000   0.00000000 
  2.03170000   0.04346000   0.15210000   0.00000000 
  2.05570000   0.02943000   0.13200000   0.00000000 
  2.08070000   0.02738000   0.13600000   0.00000000 
  2.10570000   0.02586000   0.14290000   0.00000000 
  2.13070000   0.02206000   0.12310000   0.00000000 
  2.15570000   0.01718000   0.08427000   0.00000000 
  2.18070000   0.01762000   0.08058000   0.00000000 
  2.20570000   0.04036000   0.13930000   0.00000000 
  2.22970000   0.03323000   0.12400000   0.00000000 
  2.25470000   0.03202000   0.12320000   0.00000000 
  2.27970000   0.02634000   0.12400000   0.00000000 
  2.30470000   0.02599000   0.12530000   0.00000000 
  2.32970000   0.03599000   0.17710000   0.00000000 
  2.35470000   0.04965000   0.19800000   0.00000000 
  2.37870000   0.04455000   0.17860000   0.00000000 
  2.40370000   0.04063000   0.16600000   0.00000000 
  2.42870000   0.03612000   0.14600000   0.00000000 
  2.45370000   0.03307000   0.12800000   0.00000000 
  2.47870000   0.02551000   0.10490000   0.00000000 
  2.50370000   0.02282000   0.09422000   0.00000000 
  2.52870000   0.02065000   0.08575000   0.00000000 
  2.55270000   0.02555000   0.11070000   0.00000000 
  2.57770000   0.02442000   0.11370000   0.00000000 
  2.60270000   0.02523000   0.12210000   0.00000000 
  2.62770000   0.02757000   0.12780000   0.00000000 
  2.65270000   0.02997000   0.13220000   0.00000000 
  2.67770000   0.03862000   0.17150000   0.00000000 
  2.70170000   0.03622000   0.16780000   0.00000000 
  2.72670000   0.03065000   0.13380000   0.00000000 
  2.75170000   0.03553000   0.15250000   0.00000000 
  2.77670000   0.03604000   0.16660000   0.00000000 
  2.80170000   0.04034000   0.18670000   0.00000000 
  2.82670000   0.04154000   0.19100000   0.00000000 
  2.85170000   0.03786000   0.15970000   0.00000000 
  2.87570000   0.04027000   0.16630000   0.00000000 
  2.90070000   0.03952000   0.14990000   0.00000000 
  2.92570000   0.04496000   0.15730000   0.00000000 
  2.95070000   0.04653000   0.15480000   0.00000000 
  2.97570000   0.04548000   0.14930000   0.00000000 
  3.00070000   0.04659000   0.15560000   0.00000000 
  3.02470000   0.04538000   0.16410000   0.00000000 
  3.04970000   0.04558000   0.16180000   0.00000000 
  3.07470000   0.04378000   0.14270000   0.00000000 
  3.09970000   0.04286000   0.13370000   0.00000000 
  3.12470000   0.04440000   0.13670000   0.00000000 
  3.14970000   0.04680000   0.14250000   0.00000000 
  3.17470000   0.05236000   0.15070000   0.00000000 
  3.19870000   0.06486000   0.18230000   0.00000000 
  3.22370000   0.05342000   0.13100000   0.00000000 
  3.24870000   0.03373000   0.11790000   0.00000000 
  3.27370000   0.02305000   0.08993000   0.00000000 
  3.29870000   0.01931000   0.05341000   0.00000000 
  3.32370000   0.02076000   0.05351000   0.00000000 
  3.34770000   0.02279000   0.05788000   0.00000000 
  3.37270000   0.02602000   0.06685000   0.00000000 
  3.39770000   0.03282000   0.08151000   0.00000000 
  3.42270000   0.03339000   0.09110000   0.00000000 
  3.44770000   0.03299000   0.09595000   0.00000000 
  3.47270000   0.03231000   0.09962000   0.00000000 
  3.49770000   0.03504000   0.10810000   0.00000000 
  3.52170000   0.01900000   0.07948000   0.00000000 
  3.54670000   0.01590000   0.06727000   0.00000000 
  3.57170000   0.01257000   0.05616000   0.00000000 
  3.59670000   0.01117000   0.05184000   0.00000000 
  3.62170000   0.01064000   0.05113000   0.00000000 
  3.64670000   0.01067000   0.07125000   0.00000000 
  3.67070000   0.01313000   0.11540000   0.00000000 
  3.69570000   0.01169000   0.09241000   0.00000000 
  3.72070000   0.00878900   0.06745000   0.00000000 
  3.74570000   0.00822800   0.06345000   0.00000000 
  3.77070000   0.00902200   0.06471000   0.00000000 
  3.79570000   0.01133000   0.07548000   0.00000000 
  3.82070000   0.00551000   0.04924000   0.00000000 
  3.84470000   0.00308900   0.02724000   0.00000000 
  3.86970000   0.00134700   0.01206000   0.00000000 
  3.89470000   0.00107000   0.00949900   0.00000000 
  3.91970000   0.00078760   0.00693000   0.00000000 
  3.94470000   0.00049880   0.00435300   0.00000000 
  3.96970000   0.00020420   0.00176800   0.00000000 
  3.99370000   0.00000000   0.00000000   0.00000000 
  4.01870000   0.00000000   0.00000000   0.00000000 
  4.04370000   0.00000000   0.00000000   0.00000000 
  4.06870000   0.00000000   0.00000000   0.00000000 
  4.09370000   0.00000000   0.00000000   0.00000000 
  4.11870000   0.00000000   0.00000000   0.00000000 
  4.14370000   0.00000000   0.00000000   0.00000000 
  4.16770000   0.00000000   0.00000000   0.00000000 
  4.19270000   0.00000000   0.00000000   0.00000000 
  4.21770000   0.00000000   0.00000000   0.00000000 
  4.24270000   0.00000000   0.00000000   0.00000000 
  4.26770000   0.00000000   0.00000000   0.00000000 
  4.29270000   0.00000000   0.00000000   0.00000000 
  4.31670000   0.00000000   0.00000000   0.00000000 
  4.34170000   0.00000000   0.00000000   0.00000000 
  4.36670000   0.00000000   0.00000000   0.00000000 
  4.39170000   0.00000000   0.00000000   0.00000000 
  4.41670000   0.00000000   0.00000000   0.00000000 
  4.44170000   0.00000000   0.00000000   0.00000000 
  4.46670000   0.00000000   0.00000000   0.00000000 
  4.49070000   0.00000000   0.00000000   0.00000000 
  4.51570000   0.00000000   0.00000000   0.00000000 
  4.54070000   0.00000000   0.00000000   0.00000000 
  4.56570000   0.00000000   0.00000000   0.00000000 
  4.59070000   0.00000000   0.00000000   0.00000000 
  4.61570000   0.00000000   0.00000000   0.00000000 
  4.63970000   0.00000000   0.00000000   0.00000000 
  4.66470000   0.00000000   0.00000000   0.00000000 
  4.68970000   0.00000000   0.00000000   0.00000000 
  4.71470000   0.00000000   0.00000000   0.00000000 
  4.73970000   0.00000000   0.00000000   0.00000000 
  4.76470000   0.00000000   0.00000000   0.00000000 
  4.78970000   0.00000000   0.00000000   0.00000000 
  4.81370000   0.00000000   0.00000000   0.00000000 
  4.83870000   0.00000000   0.00000000   0.00000000 
  4.86370000   0.00000000   0.00000000   0.00000000 
  4.88870000   0.00000000   0.00000000   0.00000000 
