-14.96430000   0.00000000   0.00000000   0.00000000 
-14.93930000   0.00000000   0.00000000   0.00000000 
-14.91430000   0.00000000   0.00000000   0.00000000 
-14.88930000   0.00000000   0.00000000   0.00000000 
-14.86430000   0.00000000   0.00000000   0.00000000 
-14.83930000   0.00000000   0.00000000   0.00000000 
-14.81530000   0.00000000   0.00000000   0.00000000 
-14.79030000   0.00000000   0.00000000   0.00000000 
-14.76530000   0.00000000   0.00000000   0.00000000 
-14.74030000   0.00000000   0.00000000   0.00000000 
-14.71530000   0.00000000   0.00000000   0.00000000 
-14.69030000   0.00000000   0.00000000   0.00000000 
-14.66530000   0.00000000   0.00000000   0.00000000 
-14.64130000   0.00000000   0.00000000   0.00000000 
-14.61630000   0.00000000   0.00000000   0.00000000 
-14.59130000   0.00000000   0.00000000   0.00000000 
-14.56630000   0.00000000   0.00000000   0.00000000 
-14.54130000   0.00000000   0.00000000   0.00000000 
-14.51630000   0.00000000   0.00000000   0.00000000 
-14.49230000   0.00000000   0.00000000   0.00000000 
-14.46730000   0.00000000   0.00000000   0.00000000 
-14.44230000   0.00000000   0.00000000   0.00000000 
-14.41730000   0.00000000   0.00000000   0.00000000 
-14.39230000   0.00000000   0.00000000   0.00000000 
-14.36730000   0.00000000   0.00000000   0.00000000 
-14.34230000   0.00000000   0.00000000   0.00000000 
-14.31830000   0.00000000   0.00000000   0.00000000 
-14.29330000   0.00000000   0.00000000   0.00000000 
-14.26830000   0.00000000   0.00000000   0.00000000 
-14.24330000   0.00000000   0.00000000   0.00000000 
-14.21830000   0.00000000   0.00000000   0.00000000 
-14.19330000   0.00000000   0.00000000   0.00000000 
-14.16930000   0.00000000   0.00000000   0.00000000 
-14.14430000   0.00000000   0.00000000   0.00000000 
-14.11930000   0.00000000   0.00000000   0.00000000 
-14.09430000   0.00000000   0.00000000   0.00000000 
-14.06930000   0.00000000   0.00000000   0.00000000 
-14.04430000   0.07749000   0.00766700   0.00000000 
-14.01930000   0.06554000   0.00686400   0.00000000 
-13.99530000   0.07299000   0.00798500   0.00000000 
-13.97030000   0.06993000   0.00814500   0.00000000 
-13.94530000   0.07201000   0.00893700   0.00000000 
-13.92030000   0.07596000   0.00995500   0.00000000 
-13.89530000   0.08382000   0.01185000   0.00000000 
-13.87030000   0.09800000   0.01585000   0.00000000 
-13.84630000   0.07543000   0.01165000   0.00000000 
-13.82130000   0.06995000   0.01075000   0.00000000 
-13.79630000   0.06047000   0.00887300   0.00000000 
-13.77130000   0.05899000   0.00864100   0.00000000 
-13.74630000   0.05493000   0.00813700   0.00000000 
-13.72130000   0.05194000   0.00765900   0.00000000 
-13.69630000   0.04838000   0.00697900   0.00000000 
-13.67230000   0.04767000   0.00688200   0.00000000 
-13.64730000   0.04700000   0.00677800   0.00000000 
-13.62230000   0.04632000   0.00665600   0.00000000 
-13.59730000   0.04444000   0.00637800   0.00000000 
-13.57230000   0.04211000   0.00597400   0.00000000 
-13.54730000   0.04161000   0.00591600   0.00000000 
-13.52330000   0.04120000   0.00586200   0.00000000 
-13.49830000   0.04086000   0.00580700   0.00000000 
-13.47330000   0.04053000   0.00574100   0.00000000 
-13.44830000   0.04014000   0.00565400   0.00000000 
-13.42330000   0.03924000   0.00544300   0.00000000 
-13.39830000   0.03853000   0.00537300   0.00000000 
-13.37330000   0.03820000   0.00533600   0.00000000 
-13.34930000   0.03801000   0.00530900   0.00000000 
-13.32430000   0.03787000   0.00528100   0.00000000 
-13.29930000   0.03775000   0.00525200   0.00000000 
-13.27430000   0.03764000   0.00521400   0.00000000 
-13.24930000   0.03745000   0.00515300   0.00000000 
-13.22430000   0.03721000   0.00507100   0.00000000 
-13.20030000   0.03739000   0.00509100   0.00000000 
-13.17530000   0.05586000   0.00718200   0.00000000 
-13.15030000   0.04196000   0.00579800   0.00000000 
-13.12530000   0.03485000   0.00509200   0.00000000 
-13.10030000   0.03075000   0.00470700   0.00000000 
-13.07530000   0.02804000   0.00450000   0.00000000 
-13.05030000   0.02870000   0.00485400   0.00000000 
-13.02630000   0.00624300   0.00111700   0.00000000 
-13.00130000   0.00000000   0.00000000   0.00000000 
-12.97630000   0.00000000   0.00000000   0.00000000 
-12.95130000   0.06074000   0.00633400   0.00000000 
-12.92630000   0.04171000   0.00455600   0.00000000 
-12.90130000   0.03859000   0.00440900   0.00000000 
-12.87730000   0.04013000   0.00480200   0.00000000 
-12.85230000   0.04494000   0.00566300   0.00000000 
-12.82730000   0.04867000   0.00630200   0.00000000 
-12.80230000   0.10550000   0.01605000   0.00000000 
-12.77730000   0.04054000   0.00515300   0.00000000 
-12.75230000   0.04082000   0.00517700   0.00000000 
-12.72730000   0.04110000   0.00520000   0.00000000 
-12.70330000   0.04189000   0.00526300   0.00000000 
-12.67830000   0.04284000   0.00533600   0.00000000 
-12.65330000   0.04360000   0.00539500   0.00000000 
-12.62830000   0.04434000   0.00545200   0.00000000 
-12.60330000   0.04510000   0.00551100   0.00000000 
-12.57830000   0.04594000   0.00557700   0.00000000 
-12.55330000   0.04729000   0.00568700   0.00000000 
-12.52930000   0.04769000   0.00571600   0.00000000 
-12.50430000   0.04809000   0.00574500   0.00000000 
-12.47930000   0.04849000   0.00577500   0.00000000 
-12.45430000   0.05052000   0.00593300   0.00000000 
-12.42930000   0.05258000   0.00609500   0.00000000 
-12.40430000   0.05419000   0.00622400   0.00000000 
-12.38030000   0.05575000   0.00635100   0.00000000 
-12.35530000   0.05738000   0.00648900   0.00000000 
-12.33030000   0.05932000   0.00666300   0.00000000 
-12.30530000   0.06160000   0.00687600   0.00000000 
-12.28030000   0.06223000   0.00691600   0.00000000 
-12.25530000   0.06286000   0.00695600   0.00000000 
-12.23030000   0.06730000   0.00729300   0.00000000 
-12.20630000   0.07181000   0.00764300   0.00000000 
-12.18130000   0.07533000   0.00792200   0.00000000 
-12.15630000   0.07862000   0.00819300   0.00000000 
-12.13130000   0.08204000   0.00848900   0.00000000 
-12.10630000   0.08630000   0.00888600   0.00000000 
-12.08130000   0.09042000   0.00928100   0.00000000 
-12.05730000   0.09548000   0.00964200   0.00000000 
-12.03230000   0.10890000   0.01065000   0.00000000 
-12.00730000   0.11700000   0.01127000   0.00000000 
-11.98230000   0.12420000   0.01184000   0.00000000 
-11.95730000   0.13120000   0.01244000   0.00000000 
-11.93230000   0.15340000   0.01419000   0.00000000 
-11.90730000   0.19530000   0.01763000   0.00000000 
-11.88330000   0.21500000   0.01912000   0.00000000 
-11.85830000   0.36180000   0.02988000   0.00000000 
-11.83330000   0.27380000   0.02392000   0.00000000 
-11.80830000   0.22220000   0.02049000   0.00000000 
-11.78330000   0.20200000   0.01954000   0.00000000 
-11.75830000   0.18610000   0.01864000   0.00000000 
-11.73430000   0.16550000   0.01699000   0.00000000 
-11.70930000   0.16090000   0.01700000   0.00000000 
-11.68430000   0.10990000   0.01190000   0.00000000 
-11.65930000   0.00000000   0.00000000   0.00000000 
-11.63430000   0.00000000   0.00000000   0.00000000 
-11.60930000   0.00000000   0.00000000   0.00000000 
-11.58430000   0.00000000   0.00000000   0.00000000 
-11.56030000   0.00000000   0.00000000   0.00000000 
-11.53530000   0.00000000   0.00000000   0.00000000 
-11.51030000   0.00000000   0.00000000   0.00000000 
-11.48530000   0.00000000   0.00000000   0.00000000 
-11.46030000   0.00000000   0.00000000   0.00000000 
-11.43530000   0.00000000   0.00000000   0.00000000 
-11.41130000   0.00000000   0.00000000   0.00000000 
-11.38630000   0.00000000   0.00000000   0.00000000 
-11.36130000   0.00000000   0.00000000   0.00000000 
-11.33630000   0.00000000   0.00000000   0.00000000 
-11.31130000   0.00000000   0.00000000   0.00000000 
-11.28630000   0.00000000   0.00000000   0.00000000 
-11.26130000   0.00000000   0.00000000   0.00000000 
-11.23730000   0.00000000   0.00000000   0.00000000 
-11.21230000   0.00000000   0.00000000   0.00000000 
-11.18730000   0.00000000   0.00000000   0.00000000 
-11.16230000   0.00000000   0.00000000   0.00000000 
-11.13730000   0.00000000   0.00000000   0.00000000 
-11.11230000   0.00000000   0.00000000   0.00000000 
-11.08830000   0.00000000   0.00000000   0.00000000 
-11.06330000   0.00000000   0.00000000   0.00000000 
-11.03830000   0.00000000   0.00000000   0.00000000 
-11.01330000   0.00000000   0.00000000   0.00000000 
-10.98830000   0.00000000   0.00000000   0.00000000 
-10.96330000   0.28100000   0.00403200   0.00000000 
-10.93830000   0.19990000   0.00290400   0.00000000 
-10.91430000   0.23930000   0.00350000   0.00000000 
-10.88930000   0.22820000   0.00337600   0.00000000 
-10.86430000   0.23230000   0.00346300   0.00000000 
-10.83930000   0.23760000   0.00356700   0.00000000 
-10.81430000   0.24720000   0.00373300   0.00000000 
-10.78930000   0.26130000   0.00396000   0.00000000 
-10.76530000   0.25870000   0.00394600   0.00000000 
-10.74030000   0.26420000   0.00404900   0.00000000 
-10.71530000   0.27250000   0.00418700   0.00000000 
-10.69030000   0.28230000   0.00434700   0.00000000 
-10.66530000   0.29540000   0.00456100   0.00000000 
-10.64030000   0.30730000   0.00475200   0.00000000 
-10.61530000   0.31550000   0.00488300   0.00000000 
-10.59130000   0.33070000   0.00512900   0.00000000 
-10.56630000   0.35100000   0.00545400   0.00000000 
-10.54130000   0.36730000   0.00571800   0.00000000 
-10.51630000   0.38270000   0.00597500   0.00000000 
-10.49130000   0.46130000   0.00725200   0.00000000 
-10.46630000   0.44470000   0.00724300   0.00000000 
-10.44230000   0.51700000   0.00884400   0.00000000 
-10.41730000   0.86730000   0.01852000   0.00000000 
-10.39230000   1.15200000   0.02799000   0.00000000 
-10.36730000   1.06400000   0.02612000   0.00000000 
-10.34230000   1.22000000   0.02994000   0.00000000 
-10.31730000   0.87930000   0.02104000   0.00000000 
-10.29230000   0.73260000   0.01702000   0.00000000 
-10.26830000   0.69540000   0.01603000   0.00000000 
-10.24330000   0.67770000   0.01661000   0.00000000 
-10.21830000   0.58580000   0.01515000   0.00000000 
-10.19330000   0.52110000   0.00862900   0.00000000 
-10.16830000   0.53940000   0.00826300   0.00000000 
-10.14330000   0.67570000   0.00918400   0.00000000 
-10.11930000   0.77310000   0.00976500   0.00000000 
-10.09430000   0.59080000   0.00750100   0.00000000 
-10.06930000   0.64920000   0.00805600   0.00000000 
-10.04430000   0.00000000   0.00000000   0.00000000 
-10.01930000   0.00000000   0.00000000   0.00000000 
 -9.99430000   0.00000000   0.00000000   0.00000000 
 -9.96930000   0.00000000   0.00000000   0.00000000 
 -9.94530000   0.00000000   0.00000000   0.00000000 
 -9.92030000   0.00000000   0.00000000   0.00000000 
 -9.89530000   0.00000000   0.00000000   0.00000000 
 -9.87030000   0.00000000   0.00000000   0.00000000 
 -9.84530000   0.00000000   0.00000000   0.00000000 
 -9.82030000   0.00000000   0.00000000   0.00000000 
 -9.79530000   0.00000000   0.00000000   0.00000000 
 -9.77130000   0.00000000   0.00000000   0.00000000 
 -9.74630000   0.00000000   0.00000000   0.00000000 
 -9.72130000   0.00000000   0.00000000   0.00000000 
 -9.69630000   0.00000000   0.00000000   0.00000000 
 -9.67130000   0.00000000   0.00000000   0.00000000 
 -9.64630000   0.00000000   0.00000000   0.00000000 
 -9.62230000   0.00000000   0.00000000   0.00000000 
 -9.59730000   0.00000000   0.00000000   0.00000000 
 -9.57230000   0.00000000   0.00000000   0.00000000 
 -9.54730000   0.00000000   0.00000000   0.00000000 
 -9.52230000   0.00000000   0.00000000   0.00000000 
 -9.49730000   0.00000000   0.00000000   0.00000000 
 -9.47230000   0.00000000   0.00000000   0.00000000 
 -9.44830000   0.00000000   0.00000000   0.00000000 
 -9.42330000   0.00000000   0.00000000   0.00000000 
 -9.39830000   0.00000000   0.00000000   0.00000000 
 -9.37330000   0.00000000   0.00000000   0.00000000 
 -9.34830000   0.00000000   0.00000000   0.00000000 
 -9.32330000   0.00000000   0.00000000   0.00000000 
 -9.29930000   0.00000000   0.00000000   0.00000000 
 -9.27430000   0.00000000   0.00000000   0.00000000 
 -9.24930000   0.00000000   0.00000000   0.00000000 
 -9.22430000   0.00000000   0.00000000   0.00000000 
 -9.19930000   0.00000000   0.00000000   0.00000000 
 -9.17430000   0.00000000   0.00000000   0.00000000 
 -9.14930000   0.00000000   0.00000000   0.00000000 
 -9.12530000   0.00000000   0.00000000   0.00000000 
 -9.10030000   0.00000000   0.00000000   0.00000000 
 -9.07530000   0.00000000   0.00000000   0.00000000 
 -9.05030000   0.00000000   0.00000000   0.00000000 
 -9.02530000   0.00000000   0.00000000   0.00000000 
 -9.00030000   0.00000000   0.00000000   0.00000000 
 -8.97630000   0.00000000   0.00000000   0.00000000 
 -8.95130000   0.00000000   0.00000000   0.00000000 
 -8.92630000   0.00000000   0.00000000   0.00000000 
 -8.90130000   0.00000000   0.00000000   0.00000000 
 -8.87630000   0.00000000   0.00000000   0.00000000 
 -8.85130000   0.00000000   0.00000000   0.00000000 
 -8.82630000   0.00000000   0.00000000   0.00000000 
 -8.80230000   0.00000000   0.00000000   0.00000000 
 -8.77730000   0.00000000   0.00000000   0.00000000 
 -8.75230000   0.36890000   0.00575400   0.00000000 
 -8.72730000   0.32960000   0.00583400   0.00000000 
 -8.70230000   0.33020000   0.00664700   0.00000000 
 -8.67730000   0.33440000   0.00761200   0.00000000 
 -8.65330000   0.32240000   0.00839300   0.00000000 
 -8.62830000   0.31450000   0.00932600   0.00000000 
 -8.60330000   0.31020000   0.01031000   0.00000000 
 -8.57830000   0.31250000   0.01139000   0.00000000 
 -8.55330000   0.30460000   0.01225000   0.00000000 
 -8.52830000   0.29940000   0.01304000   0.00000000 
 -8.50330000   0.29550000   0.01400000   0.00000000 
 -8.47930000   0.29940000   0.01515000   0.00000000 
 -8.45430000   0.30670000   0.01699000   0.00000000 
 -8.42930000   0.33810000   0.02260000   0.00000000 
 -8.40430000   0.30470000   0.01713000   0.00000000 
 -8.37930000   0.29640000   0.01592000   0.00000000 
 -8.35430000   0.29700000   0.01484000   0.00000000 
 -8.33030000   0.31950000   0.01449000   0.00000000 
 -8.30530000   0.35230000   0.02056000   0.00000000 
 -8.28030000   0.42540000   0.02674000   0.00000000 
 -8.25530000   0.46270000   0.02325000   0.00000000 
 -8.23030000   0.38230000   0.02303000   0.00000000 
 -8.20530000   0.37140000   0.02512000   0.00000000 
 -8.18030000   0.37220000   0.02794000   0.00000000 
 -8.15630000   0.38100000   0.02853000   0.00000000 
 -8.13130000   0.39980000   0.03291000   0.00000000 
 -8.10630000   0.45190000   0.03762000   0.00000000 
 -8.08130000   0.57240000   0.05008000   0.00000000 
 -8.05630000   0.06875000   0.02404000   0.00000000 
 -8.03130000   0.05715000   0.02312000   0.00000000 
 -8.00730000   0.04905000   0.02242000   0.00000000 
 -7.98230000   0.02945000   0.01921000   0.00000000 
 -7.95730000   0.02769000   0.01926000   0.00000000 
 -7.93230000   0.02604000   0.01928000   0.00000000 
 -7.90730000   0.02439000   0.01928000   0.00000000 
 -7.88230000   0.02272000   0.01922000   0.00000000 
 -7.85730000   0.02103000   0.01915000   0.00000000 
 -7.83330000   0.01928000   0.01901000   0.00000000 
 -7.80830000   0.01755000   0.01884000   0.00000000 
 -7.78330000   0.01546000   0.01897000   0.00000000 
 -7.75830000   0.01363000   0.01891000   0.00000000 
 -7.73330000   0.01241000   0.01887000   0.00000000 
 -7.70830000   0.01188000   0.01902000   0.00000000 
 -7.68430000   0.01138000   0.01914000   0.00000000 
 -7.65930000   0.01091000   0.01923000   0.00000000 
 -7.63430000   0.01044000   0.01933000   0.00000000 
 -7.60930000   0.01000000   0.01941000   0.00000000 
 -7.58430000   0.00952400   0.02039000   0.00000000 
 -7.55930000   0.00910100   0.02100000   0.00000000 
 -7.53430000   0.00871900   0.02139000   0.00000000 
 -7.51030000   0.00834600   0.02178000   0.00000000 
 -7.48530000   0.00800800   0.02202000   0.00000000 
 -7.46030000   0.00760200   0.02222000   0.00000000 
 -7.43530000   0.00723200   0.02243000   0.00000000 
 -7.41030000   0.00723700   0.02500000   0.00000000 
 -7.38530000   0.00722200   0.02640000   0.00000000 
 -7.36130000   0.00721900   0.02780000   0.00000000 
 -7.33630000   0.00721700   0.02855000   0.00000000 
 -7.31130000   0.00721800   0.02909000   0.00000000 
 -7.28630000   0.00806300   0.04390000   0.00000000 
 -7.26130000   0.00818600   0.04241000   0.00000000 
 -7.23630000   0.00786500   0.03564000   0.00000000 
 -7.21130000   0.00752300   0.02941000   0.00000000 
 -7.18730000   0.00737700   0.02749000   0.00000000 
 -7.16230000   0.00722000   0.02653000   0.00000000 
 -7.13730000   0.00703000   0.02560000   0.00000000 
 -7.11230000   0.00676600   0.02431000   0.00000000 
 -7.08730000   0.00658400   0.02291000   0.00000000 
 -7.06230000   0.00642200   0.02207000   0.00000000 
 -7.03830000   0.00626400   0.02138000   0.00000000 
 -7.01330000   0.00611500   0.02089000   0.00000000 
 -6.98830000   0.00595700   0.02039000   0.00000000 
 -6.96330000   0.00577200   0.01985000   0.00000000 
 -6.93830000   0.00554200   0.01913000   0.00000000 
 -6.91330000   0.00533200   0.01861000   0.00000000 
 -6.88830000   0.00511800   0.01810000   0.00000000 
 -6.86430000   0.00491100   0.01785000   0.00000000 
 -6.83930000   0.00469900   0.01759000   0.00000000 
 -6.81430000   0.00446300   0.01751000   0.00000000 
 -6.78930000   0.00416100   0.01748000   0.00000000 
 -6.76430000   0.00387600   0.01694000   0.00000000 
 -6.73930000   0.00359300   0.01629000   0.00000000 
 -6.71430000   0.00336400   0.01582000   0.00000000 
 -6.69030000   0.00313700   0.01535000   0.00000000 
 -6.66530000   0.00288200   0.01503000   0.00000000 
 -6.64030000   0.00261600   0.01474000   0.00000000 
 -6.61530000   0.00226100   0.01454000   0.00000000 
 -6.59030000   0.00203700   0.01415000   0.00000000 
 -6.56530000   0.00179500   0.01439000   0.00000000 
 -6.54130000   0.00155100   0.01679000   0.00000000 
 -6.51630000   0.00113300   0.01517000   0.00000000 
 -6.49130000   0.00075520   0.01266000   0.00000000 
 -6.46630000   0.00044930   0.00911700   0.00000000 
 -6.44130000   0.00018360   0.00555100   0.00000000 
 -6.41630000   0.00000000   0.00000000   0.00000000 
 -6.39130000   0.00000000   0.00000000   0.00000000 
 -6.36730000   0.00000000   0.00000000   0.00000000 
 -6.34230000   0.00000000   0.00000000   0.00000000 
 -6.31730000   0.00000000   0.00000000   0.00000000 
 -6.29230000   0.00000000   0.00000000   0.00000000 
 -6.26730000   0.00000000   0.00000000   0.00000000 
 -6.24230000   0.01642000   0.04038000   0.00000000 
 -6.21830000   0.01818000   0.04458000   0.00000000 
 -6.19330000   0.01801000   0.04664000   0.00000000 
 -6.16830000   0.01531000   0.04193000   0.00000000 
 -6.14330000   0.01152000   0.03602000   0.00000000 
 -6.11830000   0.00997400   0.03432000   0.00000000 
 -6.09330000   0.02244000   0.04709000   0.00000000 
 -6.06830000   0.02394000   0.04932000   0.00000000 
 -6.04430000   0.02504000   0.05116000   0.00000000 
 -6.01930000   0.02455000   0.05073000   0.00000000 
 -5.99430000   0.02427000   0.04971000   0.00000000 
 -5.96930000   0.02439000   0.04909000   0.00000000 
 -5.94430000   0.02547000   0.05019000   0.00000000 
 -5.91930000   0.02651000   0.05111000   0.00000000 
 -5.89530000   0.02733000   0.05185000   0.00000000 
 -5.87030000   0.02810000   0.05286000   0.00000000 
 -5.84530000   0.02860000   0.05368000   0.00000000 
 -5.82030000   0.02927000   0.05462000   0.00000000 
 -5.79530000   0.02995000   0.05556000   0.00000000 
 -5.77030000   0.03024000   0.05591000   0.00000000 
 -5.74530000   0.03112000   0.05742000   0.00000000 
 -5.72130000   0.03204000   0.05898000   0.00000000 
 -5.69630000   0.03318000   0.06074000   0.00000000 
 -5.67130000   0.03479000   0.06265000   0.00000000 
 -5.64630000   0.04830000   0.09564000   0.00000000 
 -5.62130000   0.06575000   0.12690000   0.00000000 
 -5.59630000   0.06550000   0.13700000   0.00000000 
 -5.57230000   0.05818000   0.14690000   0.00000000 
 -5.54730000   0.05217000   0.11930000   0.00000000 
 -5.52230000   0.05142000   0.10200000   0.00000000 
 -5.49730000   0.05211000   0.09909000   0.00000000 
 -5.47230000   0.05767000   0.11120000   0.00000000 
 -5.44730000   0.06884000   0.14760000   0.00000000 
 -5.42230000   0.06889000   0.12370000   0.00000000 
 -5.39830000   0.08896000   0.15350000   0.00000000 
 -5.37330000   0.08093000   0.16110000   0.00000000 
 -5.34830000   0.06418000   0.12990000   0.00000000 
 -5.32330000   0.06600000   0.12320000   0.00000000 
 -5.29830000   0.06546000   0.12090000   0.00000000 
 -5.27330000   0.06175000   0.11700000   0.00000000 
 -5.24930000   0.06071000   0.11800000   0.00000000 
 -5.22430000   0.06248000   0.11840000   0.00000000 
 -5.19930000   0.06758000   0.13840000   0.00000000 
 -5.17430000   0.08039000   0.11850000   0.00000000 
 -5.14930000   0.05634000   0.09020000   0.00000000 
 -5.12430000   0.06885000   0.10460000   0.00000000 
 -5.09930000   0.04951000   0.09110000   0.00000000 
 -5.07530000   0.03718000   0.09625000   0.00000000 
 -5.05030000   0.04131000   0.11590000   0.00000000 
 -5.02530000   0.04562000   0.12970000   0.00000000 
 -5.00030000   0.04760000   0.10940000   0.00000000 
 -4.97530000   0.04648000   0.08910000   0.00000000 
 -4.95030000   0.03505000   0.07377000   0.00000000 
 -4.92630000   0.02307000   0.06245000   0.00000000 
 -4.90130000   0.01444000   0.04773000   0.00000000 
 -4.87630000   0.00768100   0.01849000   0.00000000 
 -4.85130000   0.00713700   0.01990000   0.00000000 
 -4.82630000   0.00732500   0.02406000   0.00000000 
 -4.80130000   0.01088000   0.03613000   0.00000000 
 -4.77630000   0.01177000   0.03529000   0.00000000 
 -4.75230000   0.01304000   0.03550000   0.00000000 
 -4.72730000   0.01523000   0.03704000   0.00000000 
 -4.70230000   0.02122000   0.04276000   0.00000000 
 -4.67730000   0.01629000   0.03547000   0.00000000 
 -4.65230000   0.01502000   0.03335000   0.00000000 
 -4.62730000   0.02102000   0.06321000   0.00000000 
 -4.60330000   0.02794000   0.07156000   0.00000000 
 -4.57830000   0.03882000   0.08491000   0.00000000 
 -4.55330000   0.04271000   0.09715000   0.00000000 
 -4.52830000   0.05676000   0.13830000   0.00000000 
 -4.50330000   0.07033000   0.18500000   0.00000000 
 -4.47830000   0.06338000   0.16110000   0.00000000 
 -4.45330000   0.06599000   0.16250000   0.00000000 
 -4.42930000   0.07483000   0.16530000   0.00000000 
 -4.40430000   0.09300000   0.17660000   0.00000000 
 -4.37930000   0.12870000   0.20690000   0.00000000 
 -4.35430000   0.12520000   0.22460000   0.00000000 
 -4.32930000   0.08897000   0.21230000   0.00000000 
 -4.30430000   0.08025000   0.24880000   0.00000000 
 -4.28030000   0.10590000   0.38830000   0.00000000 
 -4.25530000   0.08137000   0.30220000   0.00000000 
 -4.23030000   0.07015000   0.26440000   0.00000000 
 -4.20530000   0.06926000   0.30680000   0.00000000 
 -4.18030000   0.06534000   0.26340000   0.00000000 
 -4.15530000   0.05670000   0.20860000   0.00000000 
 -4.13030000   0.04242000   0.17380000   0.00000000 
 -4.10630000   0.01995000   0.13450000   0.00000000 
 -4.08130000   0.01538000   0.10140000   0.00000000 
 -4.05630000   0.01403000   0.09395000   0.00000000 
 -4.03130000   0.01293000   0.08815000   0.00000000 
 -4.00630000   0.01209000   0.08482000   0.00000000 
 -3.98130000   0.01124000   0.08104000   0.00000000 
 -3.95730000   0.01089000   0.07924000   0.00000000 
 -3.93230000   0.01538000   0.09707000   0.00000000 
 -3.90730000   0.02058000   0.11710000   0.00000000 
 -3.88230000   0.01908000   0.11790000   0.00000000 
 -3.85730000   0.01599000   0.10750000   0.00000000 
 -3.83230000   0.02103000   0.12010000   0.00000000 
 -3.80730000   0.01922000   0.11990000   0.00000000 
 -3.78330000   0.01972000   0.12350000   0.00000000 
 -3.75830000   0.02318000   0.14710000   0.00000000 
 -3.73330000   0.01926000   0.10910000   0.00000000 
 -3.70830000   0.01889000   0.11180000   0.00000000 
 -3.68330000   0.01929000   0.12280000   0.00000000 
 -3.65830000   0.02036000   0.14010000   0.00000000 
 -3.63330000   0.02565000   0.16340000   0.00000000 
 -3.60930000   0.02916000   0.19690000   0.00000000 
 -3.58430000   0.03045000   0.21910000   0.00000000 
 -3.55930000   0.03102000   0.19060000   0.00000000 
 -3.53430000   0.03273000   0.19650000   0.00000000 
 -3.50930000   0.03463000   0.21890000   0.00000000 
 -3.48430000   0.04235000   0.28840000   0.00000000 
 -3.46030000   0.04948000   0.35800000   0.00000000 
 -3.43530000   0.04224000   0.30250000   0.00000000 
 -3.41030000   0.04273000   0.31330000   0.00000000 
 -3.38530000   0.04167000   0.31810000   0.00000000 
 -3.36030000   0.04158000   0.31570000   0.00000000 
 -3.33530000   0.04600000   0.31010000   0.00000000 
 -3.31030000   0.04473000   0.26640000   0.00000000 
 -3.28630000   0.07124000   0.33080000   0.00000000 
 -3.26130000   0.04949000   0.27100000   0.00000000 
 -3.23630000   0.04489000   0.25540000   0.00000000 
 -3.21130000   0.03989000   0.23880000   0.00000000 
 -3.18630000   0.03189000   0.20730000   0.00000000 
 -3.16130000   0.02570000   0.18960000   0.00000000 
 -3.13730000   0.01653000   0.15780000   0.00000000 
 -3.11230000   0.01401000   0.14940000   0.00000000 
 -3.08730000   0.01423000   0.15090000   0.00000000 
 -3.06230000   0.01436000   0.15570000   0.00000000 
 -3.03730000   0.01414000   0.15520000   0.00000000 
 -3.01230000   0.01470000   0.15870000   0.00000000 
 -2.98730000   0.01462000   0.15790000   0.00000000 
 -2.96330000   0.01413000   0.15520000   0.00000000 
 -2.93830000   0.01417000   0.15430000   0.00000000 
 -2.91330000   0.01448000   0.16010000   0.00000000 
 -2.88830000   0.02603000   0.22720000   0.00000000 
 -2.86330000   0.03481000   0.26930000   0.00000000 
 -2.83830000   0.03587000   0.22950000   0.00000000 
 -2.81430000   0.05185000   0.27120000   0.00000000 
 -2.78930000   0.06766000   0.29450000   0.00000000 
 -2.76430000   0.06937000   0.35040000   0.00000000 
 -2.73930000   0.06048000   0.30200000   0.00000000 
 -2.71430000   0.05743000   0.28980000   0.00000000 
 -2.68930000   0.06100000   0.28860000   0.00000000 
 -2.66430000   0.05916000   0.29480000   0.00000000 
 -2.64030000   0.06033000   0.31930000   0.00000000 
 -2.61530000   0.05728000   0.31400000   0.00000000 
 -2.59030000   0.05042000   0.31400000   0.00000000 
 -2.56530000   0.04943000   0.36990000   0.00000000 
 -2.54030000   0.04066000   0.26070000   0.00000000 
 -2.51530000   0.03510000   0.22150000   0.00000000 
 -2.49130000   0.03803000   0.22560000   0.00000000 
 -2.46630000   0.03740000   0.23370000   0.00000000 
 -2.44130000   0.03518000   0.23090000   0.00000000 
 -2.41630000   0.01800000   0.21860000   0.00000000 
 -2.39130000   0.01895000   0.23100000   0.00000000 
 -2.36630000   0.01025000   0.15490000   0.00000000 
 -2.34130000   0.01010000   0.15660000   0.00000000 
 -2.31730000   0.00996800   0.15850000   0.00000000 
 -2.29230000   0.01029000   0.16850000   0.00000000 
 -2.26730000   0.01019000   0.17290000   0.00000000 
 -2.24230000   0.00997200   0.17570000   0.00000000 
 -2.21730000   0.00967600   0.17560000   0.00000000 
 -2.19230000   0.00890200   0.16650000   0.00000000 
 -2.16830000   0.00875300   0.16560000   0.00000000 
 -2.14330000   0.00878600   0.16770000   0.00000000 
 -2.11830000   0.00880700   0.17050000   0.00000000 
 -2.09330000   0.00902700   0.17450000   0.00000000 
 -2.06830000   0.00964900   0.18390000   0.00000000 
 -2.04330000   0.01024000   0.20890000   0.00000000 
 -2.01830000   0.01127000   0.25890000   0.00000000 
 -1.99430000   0.01291000   0.29340000   0.00000000 
 -1.96930000   0.01103000   0.29070000   0.00000000 
 -1.94430000   0.01069000   0.28300000   0.00000000 
 -1.91930000   0.01158000   0.29920000   0.00000000 
 -1.89430000   0.01845000   0.38940000   0.00000000 
 -1.86930000   0.01760000   0.41600000   0.00000000 
 -1.84530000   0.01604000   0.39570000   0.00000000 
 -1.82030000   0.01308000   0.31170000   0.00000000 
 -1.79530000   0.01203000   0.30510000   0.00000000 
 -1.77030000   0.01104000   0.30380000   0.00000000 
 -1.74530000   0.00992000   0.27580000   0.00000000 
 -1.72030000   0.00959400   0.23910000   0.00000000 
 -1.69530000   0.00837400   0.22090000   0.00000000 
 -1.67130000   0.01114000   0.27890000   0.00000000 
 -1.64630000   0.01318000   0.35320000   0.00000000 
 -1.62130000   0.01356000   0.40470000   0.00000000 
 -1.59630000   0.01090000   0.35530000   0.00000000 
 -1.57130000   0.01103000   0.37670000   0.00000000 
 -1.54630000   0.00909500   0.30140000   0.00000000 
 -1.52230000   0.00959700   0.31180000   0.00000000 
 -1.49730000   0.01038000   0.35020000   0.00000000 
 -1.47230000   0.01192000   0.36870000   0.00000000 
 -1.44730000   0.01194000   0.36980000   0.00000000 
 -1.42230000   0.01200000   0.35620000   0.00000000 
 -1.39730000   0.02122000   0.52640000   0.00000000 
 -1.37230000   0.02863000   0.58660000   0.00000000 
 -1.34830000   0.01824000   0.43010000   0.00000000 
 -1.32330000   0.02195000   0.47930000   0.00000000 
 -1.29830000   0.02460000   0.50380000   0.00000000 
 -1.27330000   0.02767000   0.43870000   0.00000000 
 -1.24830000   0.02740000   0.37470000   0.00000000 
 -1.22330000   0.02287000   0.29660000   0.00000000 
 -1.19930000   0.02415000   0.33020000   0.00000000 
 -1.17430000   0.02077000   0.28280000   0.00000000 
 -1.14930000   0.01951000   0.27330000   0.00000000 
 -1.12430000   0.02308000   0.31420000   0.00000000 
 -1.09930000   0.02646000   0.35210000   0.00000000 
 -1.07430000   0.01232000   0.23180000   0.00000000 
 -1.04930000   0.01059000   0.22680000   0.00000000 
 -1.02530000   0.00987300   0.24850000   0.00000000 
 -1.00030000   0.00914900   0.19880000   0.00000000 
 -0.97530000   0.00884400   0.19970000   0.00000000 
 -0.95030000   0.01436000   0.29260000   0.00000000 
 -0.92530000   0.01117000   0.24510000   0.00000000 
 -0.90030000   0.01065000   0.24690000   0.00000000 
 -0.87530000   0.01299000   0.31670000   0.00000000 
 -0.85130000   0.01092000   0.27720000   0.00000000 
 -0.82630000   0.01144000   0.29160000   0.00000000 
 -0.80130000   0.01084000   0.28420000   0.00000000 
 -0.77630000   0.01296000   0.34610000   0.00000000 
 -0.75130000   0.01233000   0.32910000   0.00000000 
 -0.72630000   0.01465000   0.37170000   0.00000000 
 -0.70230000   0.01333000   0.36950000   0.00000000 
 -0.67730000   0.01263000   0.35620000   0.00000000 
 -0.65230000   0.01289000   0.37650000   0.00000000 
 -0.62730000   0.01650000   0.50000000   0.00000000 
 -0.60230000   0.01509000   0.56080000   0.00000000 
 -0.57730000   0.01093000   0.47870000   0.00000000 
 -0.55230000   0.01062000   0.49780000   0.00000000 
 -0.52830000   0.01082000   0.53400000   0.00000000 
 -0.50330000   0.01144000   0.63580000   0.00000000 
 -0.47830000   0.01205000   0.70940000   0.00000000 
 -0.45330000   0.01091000   0.57340000   0.00000000 
 -0.42830000   0.00844500   0.46990000   0.00000000 
 -0.40330000   0.00666100   0.28340000   0.00000000 
 -0.37930000   0.00622000   0.28410000   0.00000000 
 -0.35430000   0.00655200   0.32240000   0.00000000 
 -0.32930000   0.00568200   0.27310000   0.00000000 
 -0.30430000   0.00534600   0.27880000   0.00000000 
 -0.27930000   0.00392800   0.23770000   0.00000000 
 -0.25430000   0.00335800   0.22630000   0.00000000 
 -0.22930000   0.00214700   0.18270000   0.00000000 
 -0.20530000   0.00186700   0.19620000   0.00000000 
 -0.18030000   0.00062090   0.11720000   0.00000000 
 -0.15530000   0.00033010   0.09294000   0.00000000 
 -0.13030000   0.00028020   0.09145000   0.00000000 
 -0.10530000   0.00022890   0.09852000   0.00000000 
 -0.08030000   0.00016300   0.09107000   0.00000000 
 -0.05630000   0.00012710   0.07811000   0.00000000 
 -0.03130000   0.00009469   0.08419000   0.00000000 
 -0.00630000   0.00000000   0.00000000   0.00000000 
  0.01870000   0.00000000   0.00000000   0.00000000 
  0.04370000   0.00000000   0.00000000   0.00000000 
  0.06870000   0.00000000   0.00000000   0.00000000 
  0.09370000   0.00000000   0.00000000   0.00000000 
  0.11770000   0.00000000   0.00000000   0.00000000 
  0.14270000   0.00099780   0.00220300   0.00000000 
  0.16770000   0.00316800   0.00698500   0.00000000 
  0.19270000   0.00535400   0.01179000   0.00000000 
  0.21770000   0.00655400   0.01470000   0.00000000 
  0.24270000   0.00771500   0.01756000   0.00000000 
  0.26670000   0.00887300   0.02046000   0.00000000 
  0.29170000   0.00795100   0.02065000   0.00000000 
  0.31670000   0.00783500   0.02292000   0.00000000 
  0.34170000   0.00831300   0.02647000   0.00000000 
  0.36670000   0.00902800   0.03098000   0.00000000 
  0.39170000   0.00962200   0.03557000   0.00000000 
  0.41670000   0.00941400   0.04050000   0.00000000 
  0.44070000   0.01983000   0.33220000   0.00000000 
  0.46570000   0.01779000   0.13810000   0.00000000 
  0.49070000   0.02107000   0.18140000   0.00000000 
  0.51570000   0.01903000   0.15580000   0.00000000 
  0.54070000   0.01946000   0.15110000   0.00000000 
  0.56570000   0.01907000   0.14960000   0.00000000 
  0.58970000   0.02016000   0.14020000   0.00000000 
  0.61470000   0.02086000   0.12990000   0.00000000 
  0.63970000   0.02177000   0.12400000   0.00000000 
  0.66470000   0.02089000   0.11460000   0.00000000 
  0.68970000   0.02134000   0.10550000   0.00000000 
  0.71470000   0.02080000   0.09901000   0.00000000 
  0.73970000   0.02069000   0.09711000   0.00000000 
  0.76370000   0.02101000   0.09799000   0.00000000 
  0.78870000   0.02126000   0.09794000   0.00000000 
  0.81370000   0.02187000   0.09956000   0.00000000 
  0.83870000   0.02263000   0.10090000   0.00000000 
  0.86370000   0.02297000   0.09842000   0.00000000 
  0.88870000   0.02350000   0.09943000   0.00000000 
  0.91270000   0.02903000   0.12740000   0.00000000 
  0.93770000   0.02915000   0.12510000   0.00000000 
  0.96270000   0.02314000   0.09378000   0.00000000 
  0.98770000   0.02199000   0.08903000   0.00000000 
  1.01270000   0.02166000   0.08755000   0.00000000 
  1.03770000   0.02187000   0.08725000   0.00000000 
  1.06270000   0.02207000   0.08687000   0.00000000 
  1.08670000   0.02211000   0.08575000   0.00000000 
  1.11170000   0.02228000   0.08751000   0.00000000 
  1.13670000   0.02289000   0.09004000   0.00000000 
  1.16170000   0.02359000   0.09152000   0.00000000 
  1.18670000   0.02456000   0.09358000   0.00000000 
  1.21170000   0.02784000   0.09925000   0.00000000 
  1.23570000   0.02784000   0.09272000   0.00000000 
  1.26070000   0.02767000   0.08840000   0.00000000 
  1.28570000   0.02810000   0.08447000   0.00000000 
  1.31070000   0.02844000   0.08325000   0.00000000 
  1.33570000   0.03106000   0.09367000   0.00000000 
  1.36070000   0.03487000   0.11050000   0.00000000 
  1.38570000   0.04105000   0.11510000   0.00000000 
  1.40970000   0.02883000   0.10070000   0.00000000 
  1.43470000   0.02752000   0.09373000   0.00000000 
  1.45970000   0.02528000   0.08645000   0.00000000 
  1.48470000   0.03196000   0.11170000   0.00000000 
  1.50970000   0.03463000   0.12320000   0.00000000 
  1.53470000   0.02796000   0.10500000   0.00000000 
  1.55870000   0.02619000   0.10240000   0.00000000 
  1.58370000   0.02387000   0.09818000   0.00000000 
  1.60870000   0.02381000   0.10960000   0.00000000 
  1.63370000   0.02492000   0.12310000   0.00000000 
  1.65870000   0.02066000   0.10180000   0.00000000 
  1.68370000   0.02182000   0.10800000   0.00000000 
  1.70870000   0.02204000   0.11320000   0.00000000 
  1.73270000   0.02129000   0.11470000   0.00000000 
  1.75770000   0.02072000   0.11440000   0.00000000 
  1.78270000   0.02598000   0.13860000   0.00000000 
  1.80770000   0.02184000   0.12280000   0.00000000 
  1.83270000   0.02480000   0.13340000   0.00000000 
  1.85770000   0.03984000   0.24490000   0.00000000 
  1.88170000   0.03273000   0.20430000   0.00000000 
  1.90670000   0.03919000   0.21500000   0.00000000 
  1.93170000   0.04271000   0.22190000   0.00000000 
  1.95670000   0.05192000   0.31670000   0.00000000 
  1.98170000   0.04439000   0.18710000   0.00000000 
  2.00670000   0.03632000   0.11220000   0.00000000 
  2.03170000   0.03315000   0.08676000   0.00000000 
  2.05570000   0.02526000   0.06354000   0.00000000 
  2.08070000   0.02581000   0.05979000   0.00000000 
  2.10570000   0.02665000   0.05740000   0.00000000 
  2.13070000   0.02254000   0.04152000   0.00000000 
  2.15570000   0.01559000   0.02855000   0.00000000 
  2.18070000   0.01486000   0.03249000   0.00000000 
  2.20570000   0.03180000   0.08499000   0.00000000 
  2.22970000   0.02813000   0.08420000   0.00000000 
  2.25470000   0.03166000   0.08887000   0.00000000 
  2.27970000   0.03434000   0.09114000   0.00000000 
  2.30470000   0.03651000   0.09135000   0.00000000 
  2.32970000   0.06140000   0.13510000   0.00000000 
  2.35470000   0.05207000   0.12810000   0.00000000 
  2.37870000   0.04707000   0.11580000   0.00000000 
  2.40370000   0.03903000   0.11160000   0.00000000 
  2.42870000   0.03729000   0.10360000   0.00000000 
  2.45370000   0.03641000   0.09981000   0.00000000 
  2.47870000   0.03469000   0.09621000   0.00000000 
  2.50370000   0.03538000   0.09917000   0.00000000 
  2.52870000   0.03605000   0.10350000   0.00000000 
  2.55270000   0.04755000   0.13420000   0.00000000 
  2.57770000   0.04457000   0.13010000   0.00000000 
  2.60270000   0.04251000   0.14000000   0.00000000 
  2.62770000   0.04007000   0.14360000   0.00000000 
  2.65270000   0.03777000   0.14310000   0.00000000 
  2.67770000   0.04327000   0.15980000   0.00000000 
  2.70170000   0.04278000   0.15760000   0.00000000 
  2.72670000   0.03922000   0.14780000   0.00000000 
  2.75170000   0.03903000   0.17300000   0.00000000 
  2.77670000   0.03786000   0.16120000   0.00000000 
  2.80170000   0.04621000   0.17720000   0.00000000 
  2.82670000   0.04309000   0.16540000   0.00000000 
  2.85170000   0.04111000   0.14680000   0.00000000 
  2.87570000   0.04421000   0.16150000   0.00000000 
  2.90070000   0.04141000   0.15370000   0.00000000 
  2.92570000   0.04509000   0.17260000   0.00000000 
  2.95070000   0.04527000   0.17800000   0.00000000 
  2.97570000   0.04315000   0.17340000   0.00000000 
  3.00070000   0.04441000   0.18730000   0.00000000 
  3.02470000   0.04753000   0.19980000   0.00000000 
  3.04970000   0.04372000   0.21220000   0.00000000 
  3.07470000   0.03871000   0.18980000   0.00000000 
  3.09970000   0.03806000   0.17900000   0.00000000 
  3.12470000   0.03980000   0.19300000   0.00000000 
  3.14970000   0.04265000   0.21130000   0.00000000 
  3.17470000   0.04417000   0.22770000   0.00000000 
  3.19870000   0.04933000   0.30660000   0.00000000 
  3.22370000   0.03484000   0.18620000   0.00000000 
  3.24870000   0.02794000   0.12000000   0.00000000 
  3.27370000   0.02126000   0.09688000   0.00000000 
  3.29870000   0.01453000   0.09115000   0.00000000 
  3.32370000   0.01411000   0.09468000   0.00000000 
  3.34770000   0.01437000   0.09944000   0.00000000 
  3.37270000   0.01523000   0.11100000   0.00000000 
  3.39770000   0.01719000   0.13890000   0.00000000 
  3.42270000   0.01670000   0.13750000   0.00000000 
  3.44770000   0.01626000   0.13130000   0.00000000 
  3.47270000   0.01565000   0.12360000   0.00000000 
  3.49770000   0.01597000   0.13450000   0.00000000 
  3.52170000   0.01124000   0.05137000   0.00000000 
  3.54670000   0.00839300   0.04035000   0.00000000 
  3.57170000   0.00789900   0.03511000   0.00000000 
  3.59670000   0.00733800   0.03293000   0.00000000 
  3.62170000   0.00738000   0.03239000   0.00000000 
  3.64670000   0.01477000   0.03480000   0.00000000 
  3.67070000   0.02635000   0.04140000   0.00000000 
  3.69570000   0.02067000   0.04126000   0.00000000 
  3.72070000   0.01874000   0.03446000   0.00000000 
  3.74570000   0.01945000   0.03515000   0.00000000 
  3.77070000   0.02137000   0.03925000   0.00000000 
  3.79570000   0.02425000   0.04722000   0.00000000 
  3.82070000   0.01675000   0.02596000   0.00000000 
  3.84470000   0.00797200   0.01621000   0.00000000 
  3.86970000   0.00176900   0.00711300   0.00000000 
  3.89470000   0.00135400   0.00564100   0.00000000 
  3.91970000   0.00095940   0.00414300   0.00000000 
  3.94470000   0.00058470   0.00262000   0.00000000 
  3.96970000   0.00023010   0.00107100   0.00000000 
  3.99370000   0.00000000   0.00000000   0.00000000 
  4.01870000   0.00000000   0.00000000   0.00000000 
  4.04370000   0.00000000   0.00000000   0.00000000 
  4.06870000   0.00000000   0.00000000   0.00000000 
  4.09370000   0.00000000   0.00000000   0.00000000 
  4.11870000   0.00000000   0.00000000   0.00000000 
  4.14370000   0.00000000   0.00000000   0.00000000 
  4.16770000   0.00000000   0.00000000   0.00000000 
  4.19270000   0.00000000   0.00000000   0.00000000 
  4.21770000   0.00000000   0.00000000   0.00000000 
  4.24270000   0.00000000   0.00000000   0.00000000 
  4.26770000   0.00000000   0.00000000   0.00000000 
  4.29270000   0.00000000   0.00000000   0.00000000 
  4.31670000   0.00000000   0.00000000   0.00000000 
  4.34170000   0.00000000   0.00000000   0.00000000 
  4.36670000   0.00000000   0.00000000   0.00000000 
  4.39170000   0.00000000   0.00000000   0.00000000 
  4.41670000   0.00000000   0.00000000   0.00000000 
  4.44170000   0.00000000   0.00000000   0.00000000 
  4.46670000   0.00000000   0.00000000   0.00000000 
  4.49070000   0.00000000   0.00000000   0.00000000 
  4.51570000   0.00000000   0.00000000   0.00000000 
  4.54070000   0.00000000   0.00000000   0.00000000 
  4.56570000   0.00000000   0.00000000   0.00000000 
  4.59070000   0.00000000   0.00000000   0.00000000 
  4.61570000   0.00000000   0.00000000   0.00000000 
  4.63970000   0.00000000   0.00000000   0.00000000 
  4.66470000   0.00000000   0.00000000   0.00000000 
  4.68970000   0.00000000   0.00000000   0.00000000 
  4.71470000   0.00000000   0.00000000   0.00000000 
  4.73970000   0.00000000   0.00000000   0.00000000 
  4.76470000   0.00000000   0.00000000   0.00000000 
  4.78970000   0.00000000   0.00000000   0.00000000 
  4.81370000   0.00000000   0.00000000   0.00000000 
  4.83870000   0.00000000   0.00000000   0.00000000 
  4.86370000   0.00000000   0.00000000   0.00000000 
  4.88870000   0.00000000   0.00000000   0.00000000 
