-14.96430000   0.00000000   0.00000000   0.00000000 
-14.93930000   0.00000000   0.00000000   0.00000000 
-14.91430000   0.00000000   0.00000000   0.00000000 
-14.88930000   0.00000000   0.00000000   0.00000000 
-14.86430000   0.00000000   0.00000000   0.00000000 
-14.83930000   0.00000000   0.00000000   0.00000000 
-14.81530000   0.00000000   0.00000000   0.00000000 
-14.79030000   0.00000000   0.00000000   0.00000000 
-14.76530000   0.00000000   0.00000000   0.00000000 
-14.74030000   0.00000000   0.00000000   0.00000000 
-14.71530000   0.00000000   0.00000000   0.00000000 
-14.69030000   0.00000000   0.00000000   0.00000000 
-14.66530000   0.00000000   0.00000000   0.00000000 
-14.64130000   0.00000000   0.00000000   0.00000000 
-14.61630000   0.00000000   0.00000000   0.00000000 
-14.59130000   0.00000000   0.00000000   0.00000000 
-14.56630000   0.00000000   0.00000000   0.00000000 
-14.54130000   0.00000000   0.00000000   0.00000000 
-14.51630000   0.00000000   0.00000000   0.00000000 
-14.49230000   0.00000000   0.00000000   0.00000000 
-14.46730000   0.00000000   0.00000000   0.00000000 
-14.44230000   0.00000000   0.00000000   0.00000000 
-14.41730000   0.00000000   0.00000000   0.00000000 
-14.39230000   0.00000000   0.00000000   0.00000000 
-14.36730000   0.00000000   0.00000000   0.00000000 
-14.34230000   0.00000000   0.00000000   0.00000000 
-14.31830000   0.00000000   0.00000000   0.00000000 
-14.29330000   0.00000000   0.00000000   0.00000000 
-14.26830000   0.00000000   0.00000000   0.00000000 
-14.24330000   0.00000000   0.00000000   0.00000000 
-14.21830000   0.00000000   0.00000000   0.00000000 
-14.19330000   0.00000000   0.00000000   0.00000000 
-14.16930000   0.00000000   0.00000000   0.00000000 
-14.14430000   0.00000000   0.00000000   0.00000000 
-14.11930000   0.00000000   0.00000000   0.00000000 
-14.09430000   0.00000000   0.00000000   0.00000000 
-14.06930000   0.00000000   0.00000000   0.00000000 
-14.04430000   0.05794000   0.00490400   0.00098920 
-14.01930000   0.04648000   0.00566100   0.00086660 
-13.99530000   0.04955000   0.00763600   0.00099460 
-13.97030000   0.04430000   0.00921200   0.00099770 
-13.94530000   0.04223000   0.01153000   0.00108000 
-13.92030000   0.04132000   0.01410000   0.00119400 
-13.89530000   0.04064000   0.01862000   0.00140700 
-13.87030000   0.03651000   0.02873000   0.00184600 
-13.84630000   0.03000000   0.02032000   0.00139600 
-13.82130000   0.02749000   0.01873000   0.00130500 
-13.79630000   0.02525000   0.01482000   0.00110700 
-13.77130000   0.02430000   0.01445000   0.00108900 
-13.74630000   0.02149000   0.01384000   0.00103800 
-13.72130000   0.01995000   0.01302000   0.00099140 
-13.69630000   0.01879000   0.01166000   0.00092330 
-13.67230000   0.01814000   0.01154000   0.00091930 
-13.64730000   0.01758000   0.01138000   0.00091460 
-13.62230000   0.01712000   0.01116000   0.00090800 
-13.59730000   0.01589000   0.01073000   0.00088410 
-13.57230000   0.01476000   0.00999300   0.00084680 
-13.54730000   0.01417000   0.00994300   0.00084700 
-13.52330000   0.01368000   0.00987900   0.00084770 
-13.49830000   0.01329000   0.00979400   0.00084850 
-13.47330000   0.01296000   0.00966800   0.00084800 
-13.44830000   0.01266000   0.00948800   0.00084530 
-13.42330000   0.01236000   0.00901200   0.00082970 
-13.39830000   0.01145000   0.00898300   0.00083070 
-13.37330000   0.01091000   0.00895900   0.00083460 
-13.34930000   0.01053000   0.00892600   0.00083920 
-13.32430000   0.01021000   0.00887700   0.00084370 
-13.29930000   0.00993000   0.00881600   0.00084790 
-13.27430000   0.00969400   0.00872500   0.00085140 
-13.24930000   0.00948100   0.00856900   0.00085260 
-13.22430000   0.00930000   0.00835400   0.00085200 
-13.20030000   0.00919100   0.00838100   0.00086030 
-13.17530000   0.01450000   0.01176000   0.00124000 
-13.15030000   0.00919000   0.00959700   0.00100100 
-13.12530000   0.00641100   0.00847800   0.00088130 
-13.10030000   0.00469500   0.00785400   0.00081830 
-13.07530000   0.00335200   0.00750400   0.00078590 
-13.05030000   0.00233800   0.00806100   0.00085220 
-13.02630000   0.00023730   0.00184700   0.00019780 
-13.00130000   0.00000000   0.00000000   0.00000000 
-12.97630000   0.00000000   0.00000000   0.00000000 
-12.95130000   0.01499000   0.01035000   0.00126800 
-12.92630000   0.00932200   0.00734100   0.00090860 
-12.90130000   0.00765500   0.00704000   0.00088340 
-12.87730000   0.00694100   0.00759800   0.00096680 
-12.85230000   0.00656100   0.00886200   0.00114300 
-12.82730000   0.00653700   0.00970600   0.00126100 
-12.80230000   0.00636600   0.02412000   0.00316600 
-12.77730000   0.00498400   0.00783400   0.00106500 
-12.75230000   0.00489500   0.00784000   0.00107600 
-12.72730000   0.00480600   0.00784500   0.00108600 
-12.70330000   0.00453300   0.00789600   0.00111600 
-12.67830000   0.00423300   0.00794700   0.00115100 
-12.65330000   0.00403300   0.00796700   0.00117800 
-12.62830000   0.00386600   0.00797500   0.00120400 
-12.60330000   0.00371800   0.00797400   0.00123000 
-12.57830000   0.00358600   0.00796000   0.00125800 
-12.55330000   0.00345900   0.00791000   0.00130100 
-12.52930000   0.00337700   0.00790100   0.00131500 
-12.50430000   0.00329600   0.00789200   0.00132800 
-12.47930000   0.00321500   0.00788300   0.00134200 
-12.45430000   0.00299300   0.00800700   0.00140600 
-12.42930000   0.00279400   0.00811400   0.00147100 
-12.40430000   0.00265000   0.00817000   0.00152100 
-12.38030000   0.00253200   0.00820600   0.00157000 
-12.35530000   0.00242800   0.00823200   0.00162000 
-12.33030000   0.00233700   0.00825400   0.00167900 
-12.30530000   0.00226400   0.00826800   0.00174800 
-12.28030000   0.00219900   0.00823400   0.00176800 
-12.25530000   0.00213400   0.00820000   0.00178700 
-12.23030000   0.00204700   0.00844400   0.00192100 
-12.20630000   0.00198200   0.00866100   0.00205600 
-12.18130000   0.00193900   0.00878100   0.00216200 
-12.15630000   0.00190900   0.00886500   0.00226100 
-12.13130000   0.00189300   0.00893400   0.00236300 
-12.10630000   0.00189400   0.00901900   0.00248900 
-12.08130000   0.00190500   0.00907300   0.00261000 
-12.05730000   0.00200000   0.00923400   0.00276200 
-12.03230000   0.00235800   0.00985600   0.00316500 
-12.00730000   0.00259300   0.01011000   0.00340900 
-11.98230000   0.00281100   0.01026000   0.00362400 
-11.95730000   0.00302700   0.01038000   0.00383500 
-11.93230000   0.00390800   0.01123000   0.00450100 
-11.90730000   0.00563200   0.01291000   0.00576100 
-11.88330000   0.00670500   0.01338000   0.00636200 
-11.85830000   0.01483000   0.01943000   0.01085000 
-11.83330000   0.00989000   0.01465000   0.00814900 
-11.80830000   0.00681700   0.01183000   0.00655300 
-11.78330000   0.00516500   0.01050000   0.00590100 
-11.75830000   0.00411300   0.00939700   0.00539700 
-11.73430000   0.00315100   0.00816100   0.00477500 
-11.70930000   0.00248000   0.00766400   0.00460900 
-11.68430000   0.00133900   0.00505600   0.00312900 
-11.65930000   0.00000000   0.00000000   0.00000000 
-11.63430000   0.00000000   0.00000000   0.00000000 
-11.60930000   0.00000000   0.00000000   0.00000000 
-11.58430000   0.00000000   0.00000000   0.00000000 
-11.56030000   0.00000000   0.00000000   0.00000000 
-11.53530000   0.00000000   0.00000000   0.00000000 
-11.51030000   0.00000000   0.00000000   0.00000000 
-11.48530000   0.00000000   0.00000000   0.00000000 
-11.46030000   0.00000000   0.00000000   0.00000000 
-11.43530000   0.00000000   0.00000000   0.00000000 
-11.41130000   0.00000000   0.00000000   0.00000000 
-11.38630000   0.00000000   0.00000000   0.00000000 
-11.36130000   0.00000000   0.00000000   0.00000000 
-11.33630000   0.00000000   0.00000000   0.00000000 
-11.31130000   0.00000000   0.00000000   0.00000000 
-11.28630000   0.00000000   0.00000000   0.00000000 
-11.26130000   0.00000000   0.00000000   0.00000000 
-11.23730000   0.00000000   0.00000000   0.00000000 
-11.21230000   0.00000000   0.00000000   0.00000000 
-11.18730000   0.00000000   0.00000000   0.00000000 
-11.16230000   0.00000000   0.00000000   0.00000000 
-11.13730000   0.00000000   0.00000000   0.00000000 
-11.11230000   0.00000000   0.00000000   0.00000000 
-11.08830000   0.00000000   0.00000000   0.00000000 
-11.06330000   0.00000000   0.00000000   0.00000000 
-11.03830000   0.00000000   0.00000000   0.00000000 
-11.01330000   0.00000000   0.00000000   0.00000000 
-10.98830000   0.00000000   0.00000000   0.00000000 
-10.96330000   0.16310000   0.01174000   0.00220300 
-10.93830000   0.11230000   0.00958400   0.00157000 
-10.91430000   0.13160000   0.01238000   0.00188600 
-10.88930000   0.12090000   0.01328000   0.00181300 
-10.86430000   0.11960000   0.01460000   0.00186600 
-10.83930000   0.11840000   0.01616000   0.00191700 
-10.81430000   0.11930000   0.01798000   0.00201900 
-10.78930000   0.12340000   0.01978000   0.00215400 
-10.76530000   0.11630000   0.02126000   0.00217900 
-10.74030000   0.11330000   0.02325000   0.00228000 
-10.71530000   0.11310000   0.02498000   0.00239700 
-10.69030000   0.11360000   0.02682000   0.00252400 
-10.66530000   0.11240000   0.02985000   0.00268400 
-10.64030000   0.11240000   0.03222000   0.00285400 
-10.61530000   0.10970000   0.03432000   0.00305700 
-10.59130000   0.10850000   0.03760000   0.00329900 
-10.56630000   0.10720000   0.04187000   0.00362100 
-10.54130000   0.10600000   0.04518000   0.00391800 
-10.51630000   0.10530000   0.04816000   0.00422000 
-10.49130000   0.11220000   0.06286000   0.00503400 
-10.46630000   0.10420000   0.06021000   0.00550700 
-10.44230000   0.10910000   0.07303000   0.00742000 
-10.41730000   0.19340000   0.11950000   0.02033000 
-10.39230000   0.22950000   0.16940000   0.03314000 
-10.36730000   0.18330000   0.17510000   0.03242000 
-10.34230000   0.16490000   0.22280000   0.03763000 
-10.31730000   0.14660000   0.15120000   0.02932000 
-10.29230000   0.13280000   0.12240000   0.02560000 
-10.26830000   0.13130000   0.11680000   0.02611000 
-10.24330000   0.12950000   0.12430000   0.02893000 
-10.21830000   0.12720000   0.13060000   0.02932000 
-10.19330000   0.07139000   0.06199000   0.01519000 
-10.16830000   0.07464000   0.05983000   0.01571000 
-10.14330000   0.09220000   0.06838000   0.01934000 
-10.11930000   0.11130000   0.07295000   0.02291000 
-10.09430000   0.06272000   0.06328000   0.01692000 
-10.06930000   0.05018000   0.07496000   0.01826000 
-10.04430000   0.00000000   0.00000000   0.00000000 
-10.01930000   0.00000000   0.00000000   0.00000000 
 -9.99430000   0.00000000   0.00000000   0.00000000 
 -9.96930000   0.00000000   0.00000000   0.00000000 
 -9.94530000   0.00000000   0.00000000   0.00000000 
 -9.92030000   0.00000000   0.00000000   0.00000000 
 -9.89530000   0.00000000   0.00000000   0.00000000 
 -9.87030000   0.00000000   0.00000000   0.00000000 
 -9.84530000   0.00000000   0.00000000   0.00000000 
 -9.82030000   0.00000000   0.00000000   0.00000000 
 -9.79530000   0.00000000   0.00000000   0.00000000 
 -9.77130000   0.00000000   0.00000000   0.00000000 
 -9.74630000   0.00000000   0.00000000   0.00000000 
 -9.72130000   0.00000000   0.00000000   0.00000000 
 -9.69630000   0.00000000   0.00000000   0.00000000 
 -9.67130000   0.00000000   0.00000000   0.00000000 
 -9.64630000   0.00000000   0.00000000   0.00000000 
 -9.62230000   0.00000000   0.00000000   0.00000000 
 -9.59730000   0.00000000   0.00000000   0.00000000 
 -9.57230000   0.00000000   0.00000000   0.00000000 
 -9.54730000   0.00000000   0.00000000   0.00000000 
 -9.52230000   0.00000000   0.00000000   0.00000000 
 -9.49730000   0.00000000   0.00000000   0.00000000 
 -9.47230000   0.00000000   0.00000000   0.00000000 
 -9.44830000   0.00000000   0.00000000   0.00000000 
 -9.42330000   0.00000000   0.00000000   0.00000000 
 -9.39830000   0.00000000   0.00000000   0.00000000 
 -9.37330000   0.00000000   0.00000000   0.00000000 
 -9.34830000   0.00000000   0.00000000   0.00000000 
 -9.32330000   0.00000000   0.00000000   0.00000000 
 -9.29930000   0.00000000   0.00000000   0.00000000 
 -9.27430000   0.00000000   0.00000000   0.00000000 
 -9.24930000   0.00000000   0.00000000   0.00000000 
 -9.22430000   0.00000000   0.00000000   0.00000000 
 -9.19930000   0.00000000   0.00000000   0.00000000 
 -9.17430000   0.00000000   0.00000000   0.00000000 
 -9.14930000   0.00000000   0.00000000   0.00000000 
 -9.12530000   0.00000000   0.00000000   0.00000000 
 -9.10030000   0.00000000   0.00000000   0.00000000 
 -9.07530000   0.00000000   0.00000000   0.00000000 
 -9.05030000   0.00000000   0.00000000   0.00000000 
 -9.02530000   0.00000000   0.00000000   0.00000000 
 -9.00030000   0.00000000   0.00000000   0.00000000 
 -8.97630000   0.00000000   0.00000000   0.00000000 
 -8.95130000   0.00000000   0.00000000   0.00000000 
 -8.92630000   0.00000000   0.00000000   0.00000000 
 -8.90130000   0.00000000   0.00000000   0.00000000 
 -8.87630000   0.00000000   0.00000000   0.00000000 
 -8.85130000   0.00000000   0.00000000   0.00000000 
 -8.82630000   0.00000000   0.00000000   0.00000000 
 -8.80230000   0.00000000   0.00000000   0.00000000 
 -8.77730000   0.00000000   0.00000000   0.00000000 
 -8.75230000   0.03044000   0.03643000   0.01783000 
 -8.72730000   0.02321000   0.03824000   0.01508000 
 -8.70230000   0.01988000   0.04370000   0.01441000 
 -8.67730000   0.01806000   0.04884000   0.01399000 
 -8.65330000   0.01546000   0.05205000   0.01289000 
 -8.62830000   0.01498000   0.05470000   0.01212000 
 -8.60330000   0.01617000   0.05681000   0.01162000 
 -8.57830000   0.01789000   0.05965000   0.01142000 
 -8.55330000   0.02046000   0.05981000   0.01092000 
 -8.52830000   0.02329000   0.05996000   0.01057000 
 -8.50330000   0.02751000   0.06019000   0.01026000 
 -8.47930000   0.03145000   0.06213000   0.01026000 
 -8.45430000   0.03738000   0.06508000   0.01042000 
 -8.42930000   0.04736000   0.08039000   0.01104000 
 -8.40430000   0.04674000   0.06010000   0.01037000 
 -8.37930000   0.04916000   0.05411000   0.01020000 
 -8.35430000   0.04942000   0.05050000   0.01033000 
 -8.33030000   0.05037000   0.05066000   0.01130000 
 -8.30530000   0.06909000   0.06245000   0.01219000 
 -8.28030000   0.08681000   0.07765000   0.01479000 
 -8.25530000   0.08381000   0.07272000   0.01647000 
 -8.23030000   0.07945000   0.06789000   0.01306000 
 -8.20530000   0.09051000   0.06923000   0.01228000 
 -8.18030000   0.10750000   0.07106000   0.01191000 
 -8.15630000   0.10930000   0.07390000   0.01182000 
 -8.13130000   0.13650000   0.07991000   0.01159000 
 -8.10630000   0.16030000   0.09248000   0.01231000 
 -8.08130000   0.23050000   0.11670000   0.01484000 
 -8.05630000   0.11400000   0.02477000   0.00187900 
 -8.03130000   0.10860000   0.02181000   0.00176800 
 -8.00730000   0.10450000   0.01952000   0.00170800 
 -7.98230000   0.08680000   0.01385000   0.00133400 
 -7.95730000   0.08636000   0.01335000   0.00135300 
 -7.93230000   0.08579000   0.01290000   0.00137200 
 -7.90730000   0.08503000   0.01246000   0.00138700 
 -7.88230000   0.08395000   0.01202000   0.00139800 
 -7.85730000   0.08274000   0.01157000   0.00140500 
 -7.83330000   0.08123000   0.01109000   0.00140200 
 -7.80830000   0.07966000   0.01058000   0.00138900 
 -7.78330000   0.07909000   0.01005000   0.00137400 
 -7.75830000   0.07813000   0.00938000   0.00135000 
 -7.73330000   0.07741000   0.00888300   0.00133900 
 -7.70830000   0.07730000   0.00880300   0.00135500 
 -7.68430000   0.07705000   0.00871800   0.00136900 
 -7.65930000   0.07673000   0.00863100   0.00138200 
 -7.63430000   0.07641000   0.00854500   0.00139400 
 -7.60930000   0.07606000   0.00845300   0.00140400 
 -7.58430000   0.07915000   0.00868700   0.00142600 
 -7.55930000   0.08072000   0.00879800   0.00144500 
 -7.53430000   0.08143000   0.00882600   0.00146100 
 -7.51030000   0.08213000   0.00884700   0.00147600 
 -7.48530000   0.08220000   0.00880500   0.00148800 
 -7.46030000   0.08213000   0.00869200   0.00149600 
 -7.43530000   0.08210000   0.00858800   0.00150300 
 -7.41030000   0.09132000   0.00960400   0.00155200 
 -7.38530000   0.09576000   0.01016000   0.00159000 
 -7.36130000   0.10020000   0.01072000   0.00163100 
 -7.33630000   0.10190000   0.01102000   0.00166800 
 -7.31130000   0.10280000   0.01124000   0.00170400 
 -7.28630000   0.15810000   0.01756000   0.00191700 
 -7.26130000   0.15030000   0.01693000   0.00197200 
 -7.23630000   0.12300000   0.01396000   0.00193800 
 -7.21130000   0.09780000   0.01124000   0.00189900 
 -7.18730000   0.08923000   0.01039000   0.00189300 
 -7.16230000   0.08472000   0.00991300   0.00189000 
 -7.13730000   0.08022000   0.00943200   0.00188400 
 -7.11230000   0.07407000   0.00877900   0.00187100 
 -7.08730000   0.06796000   0.00819100   0.00184900 
 -7.06230000   0.06416000   0.00785600   0.00182400 
 -7.03830000   0.06099000   0.00757300   0.00180000 
 -7.01330000   0.05871000   0.00736300   0.00178100 
 -6.98830000   0.05639000   0.00715500   0.00176000 
 -6.96330000   0.05375000   0.00693100   0.00173600 
 -6.93830000   0.05016000   0.00663500   0.00171000 
 -6.91330000   0.04778000   0.00644500   0.00167000 
 -6.88830000   0.04543000   0.00626200   0.00163000 
 -6.86430000   0.04392000   0.00617200   0.00159800 
 -6.83930000   0.04241000   0.00608600   0.00156500 
 -6.81430000   0.04109000   0.00606500   0.00153400 
 -6.78930000   0.03947000   0.00608900   0.00150100 
 -6.76430000   0.03717000   0.00593500   0.00144000 
 -6.73930000   0.03481000   0.00574400   0.00136800 
 -6.71430000   0.03326000   0.00561000   0.00131100 
 -6.69030000   0.03171000   0.00547700   0.00125400 
 -6.66530000   0.03025000   0.00541800   0.00119900 
 -6.64030000   0.02883000   0.00538300   0.00114500 
 -6.61530000   0.02707000   0.00541500   0.00107600 
 -6.59030000   0.02582000   0.00532300   0.00101900 
 -6.56530000   0.02540000   0.00551000   0.00098610 
 -6.54130000   0.02801000   0.00662900   0.00104900 
 -6.51630000   0.02445000   0.00609500   0.00089620 
 -6.49130000   0.01983000   0.00516500   0.00071070 
 -6.46630000   0.01402000   0.00375700   0.00049260 
 -6.44130000   0.00828200   0.00232400   0.00028170 
 -6.41630000   0.00000000   0.00000000   0.00000000 
 -6.39130000   0.00000000   0.00000000   0.00000000 
 -6.36730000   0.00000000   0.00000000   0.00000000 
 -6.34230000   0.00000000   0.00000000   0.00000000 
 -6.31730000   0.00000000   0.00000000   0.00000000 
 -6.29230000   0.00000000   0.00000000   0.00000000 
 -6.26730000   0.00000000   0.00000000   0.00000000 
 -6.24230000   0.27960000   0.00385800   0.00436600 
 -6.21830000   0.30580000   0.00533500   0.00476400 
 -6.19330000   0.31790000   0.00676700   0.00486400 
 -6.16830000   0.28310000   0.00751100   0.00425900 
 -6.14330000   0.23980000   0.00832900   0.00347500 
 -6.11830000   0.22620000   0.00901200   0.00320500 
 -6.09330000   0.30950000   0.01086000   0.00496600 
 -6.06830000   0.32220000   0.01209000   0.00519200 
 -6.04430000   0.33170000   0.01354000   0.00534900 
 -6.01930000   0.32570000   0.01488000   0.00523500 
 -5.99430000   0.31540000   0.01599000   0.00510100 
 -5.96930000   0.30790000   0.01685000   0.00503000 
 -5.94430000   0.31270000   0.01786000   0.00515800 
 -5.91930000   0.31600000   0.01891000   0.00526700 
 -5.89530000   0.31720000   0.02048000   0.00531700 
 -5.87030000   0.32080000   0.02183000   0.00540600 
 -5.84530000   0.32250000   0.02331000   0.00546800 
 -5.82030000   0.32520000   0.02472000   0.00554700 
 -5.79530000   0.32790000   0.02611000   0.00562600 
 -5.77030000   0.32470000   0.02765000   0.00567500 
 -5.74530000   0.32910000   0.02952000   0.00586600 
 -5.72130000   0.33380000   0.03137000   0.00605100 
 -5.69630000   0.33850000   0.03369000   0.00624300 
 -5.67130000   0.34380000   0.03612000   0.00648200 
 -5.64630000   0.37670000   0.07861000   0.01166000 
 -5.62130000   0.41000000   0.12010000   0.01707000 
 -5.59630000   0.44060000   0.13000000   0.01841000 
 -5.57230000   0.50470000   0.13270000   0.01984000 
 -5.54730000   0.43410000   0.10470000   0.01552000 
 -5.52230000   0.37980000   0.08966000   0.01268000 
 -5.49730000   0.37510000   0.08878000   0.01145000 
 -5.47230000   0.37060000   0.11280000   0.01187000 
 -5.44730000   0.36590000   0.17980000   0.01402000 
 -5.42230000   0.36030000   0.13520000   0.01269000 
 -5.39830000   0.44180000   0.17150000   0.01504000 
 -5.37330000   0.47840000   0.17340000   0.01520000 
 -5.34830000   0.36780000   0.13990000   0.01247000 
 -5.32330000   0.34110000   0.13310000   0.01178000 
 -5.29830000   0.33200000   0.12810000   0.01188000 
 -5.27330000   0.30930000   0.12360000   0.01156000 
 -5.24930000   0.29520000   0.12520000   0.01180000 
 -5.22430000   0.29390000   0.12210000   0.01259000 
 -5.19930000   0.32610000   0.14070000   0.01493000 
 -5.17430000   0.29860000   0.10610000   0.01636000 
 -5.14930000   0.24360000   0.07674000   0.01143000 
 -5.12430000   0.32870000   0.08675000   0.01334000 
 -5.09930000   0.28430000   0.07724000   0.01006000 
 -5.07530000   0.28810000   0.08387000   0.00955300 
 -5.05030000   0.35180000   0.10010000   0.01111000 
 -5.02530000   0.39730000   0.10870000   0.01246000 
 -5.00030000   0.37330000   0.08850000   0.01120000 
 -4.97530000   0.32570000   0.06934000   0.01000000 
 -4.95030000   0.28920000   0.05213000   0.00903100 
 -4.92630000   0.24890000   0.03871000   0.00807000 
 -4.90130000   0.19330000   0.02999000   0.00622000 
 -4.87630000   0.11410000   0.01654000   0.00308700 
 -4.85130000   0.12550000   0.01989000   0.00352700 
 -4.82630000   0.13700000   0.03093000   0.00462700 
 -4.80130000   0.14850000   0.06603000   0.00662700 
 -4.77630000   0.15750000   0.06158000   0.00633600 
 -4.75230000   0.16380000   0.06101000   0.00629000 
 -4.72730000   0.16630000   0.06522000   0.00648700 
 -4.70230000   0.16990000   0.08174000   0.00714700 
 -4.67730000   0.14030000   0.06273000   0.00604300 
 -4.65230000   0.12690000   0.05805000   0.00567600 
 -4.62730000   0.15410000   0.07265000   0.00881700 
 -4.60330000   0.15800000   0.08288000   0.01019000 
 -4.57830000   0.17390000   0.10130000   0.01233000 
 -4.55330000   0.19540000   0.10920000   0.01378000 
 -4.52830000   0.25900000   0.13320000   0.01879000 
 -4.50330000   0.30160000   0.16160000   0.02472000 
 -4.47830000   0.23460000   0.13400000   0.02121000 
 -4.45330000   0.22910000   0.13060000   0.02122000 
 -4.42930000   0.22970000   0.12850000   0.02202000 
 -4.40430000   0.24490000   0.13200000   0.02421000 
 -4.37930000   0.29190000   0.14830000   0.02921000 
 -4.35430000   0.27970000   0.15670000   0.02929000 
 -4.32930000   0.24410000   0.13600000   0.02440000 
 -4.30430000   0.31300000   0.14780000   0.02601000 
 -4.28030000   0.46620000   0.20830000   0.03778000 
 -4.25530000   0.36610000   0.17430000   0.02815000 
 -4.23030000   0.31760000   0.14830000   0.02421000 
 -4.20530000   0.32720000   0.15620000   0.02513000 
 -4.18030000   0.25860000   0.14620000   0.02221000 
 -4.15530000   0.19660000   0.12630000   0.01806000 
 -4.13030000   0.15940000   0.10100000   0.01439000 
 -4.10630000   0.11960000   0.06152000   0.00942500 
 -4.08130000   0.02318000   0.04765000   0.00760700 
 -4.05630000   0.01931000   0.04325000   0.00697300 
 -4.03130000   0.01672000   0.03982000   0.00648700 
 -4.00630000   0.01520000   0.03760000   0.00621300 
 -3.98130000   0.01362000   0.03522000   0.00590100 
 -3.95730000   0.01503000   0.03451000   0.00580400 
 -3.93230000   0.04297000   0.04973000   0.00803300 
 -3.90730000   0.07189000   0.06511000   0.01044000 
 -3.88230000   0.07003000   0.06623000   0.01051000 
 -3.85730000   0.05640000   0.05968000   0.00951100 
 -3.83230000   0.08902000   0.07862000   0.01187000 
 -3.80730000   0.07582000   0.06863000   0.01112000 
 -3.78330000   0.08021000   0.07100000   0.01154000 
 -3.75830000   0.09604000   0.08147000   0.01401000 
 -3.73330000   0.09541000   0.06932000   0.01124000 
 -3.70830000   0.09648000   0.07154000   0.01150000 
 -3.68330000   0.10450000   0.07942000   0.01267000 
 -3.65830000   0.11580000   0.09233000   0.01442000 
 -3.63330000   0.12900000   0.10360000   0.01649000 
 -3.60930000   0.13660000   0.10740000   0.01925000 
 -3.58430000   0.15250000   0.13360000   0.02090000 
 -3.55930000   0.15780000   0.13540000   0.01850000 
 -3.53430000   0.16560000   0.14640000   0.01892000 
 -3.50930000   0.16620000   0.16590000   0.02091000 
 -3.48430000   0.17790000   0.21780000   0.02788000 
 -3.46030000   0.18800000   0.27730000   0.03663000 
 -3.43530000   0.16560000   0.25020000   0.03150000 
 -3.41030000   0.16280000   0.25260000   0.03061000 
 -3.38530000   0.15750000   0.25610000   0.02995000 
 -3.36030000   0.15530000   0.25430000   0.02934000 
 -3.33530000   0.17460000   0.23240000   0.03056000 
 -3.31030000   0.16500000   0.18670000   0.02862000 
 -3.28630000   0.20930000   0.20370000   0.03609000 
 -3.26130000   0.15800000   0.17560000   0.02896000 
 -3.23630000   0.14370000   0.16500000   0.02722000 
 -3.21130000   0.12400000   0.15130000   0.02532000 
 -3.18630000   0.09005000   0.12540000   0.02178000 
 -3.16130000   0.06813000   0.11390000   0.01988000 
 -3.13730000   0.05549000   0.09869000   0.01576000 
 -3.11230000   0.05263000   0.09567000   0.01454000 
 -3.08730000   0.05104000   0.09561000   0.01460000 
 -3.06230000   0.05767000   0.11780000   0.01571000 
 -3.03730000   0.05368000   0.10830000   0.01566000 
 -3.01230000   0.05444000   0.10880000   0.01607000 
 -2.98730000   0.05341000   0.10790000   0.01597000 
 -2.96330000   0.05206000   0.10670000   0.01569000 
 -2.93830000   0.04725000   0.10310000   0.01509000 
 -2.91330000   0.04741000   0.10720000   0.01526000 
 -2.88830000   0.06856000   0.17280000   0.01903000 
 -2.86330000   0.08106000   0.18080000   0.02209000 
 -2.83830000   0.08923000   0.16980000   0.02032000 
 -2.81430000   0.12130000   0.21420000   0.02306000 
 -2.78930000   0.15150000   0.23900000   0.02466000 
 -2.76430000   0.15600000   0.25690000   0.02830000 
 -2.73930000   0.14240000   0.24330000   0.02521000 
 -2.71430000   0.13710000   0.23470000   0.02495000 
 -2.68930000   0.14570000   0.23760000   0.02543000 
 -2.66430000   0.14900000   0.26640000   0.02743000 
 -2.64030000   0.15840000   0.30790000   0.03101000 
 -2.61530000   0.15560000   0.30340000   0.03177000 
 -2.59030000   0.14060000   0.27960000   0.03150000 
 -2.56530000   0.15700000   0.30600000   0.03672000 
 -2.54030000   0.09740000   0.23660000   0.02687000 
 -2.51530000   0.08094000   0.21490000   0.02447000 
 -2.49130000   0.07554000   0.21980000   0.02430000 
 -2.46630000   0.07096000   0.22220000   0.02570000 
 -2.44130000   0.06538000   0.21710000   0.02560000 
 -2.41630000   0.03902000   0.19530000   0.02635000 
 -2.39130000   0.03819000   0.19510000   0.02756000 
 -2.36630000   0.03921000   0.17360000   0.02122000 
 -2.34130000   0.04044000   0.17420000   0.02183000 
 -2.31730000   0.04167000   0.17450000   0.02242000 
 -2.29230000   0.04420000   0.18230000   0.02400000 
 -2.26730000   0.04463000   0.18340000   0.02482000 
 -2.24230000   0.04549000   0.18450000   0.02554000 
 -2.21730000   0.04605000   0.18220000   0.02568000 
 -2.19230000   0.04343000   0.16870000   0.02446000 
 -2.16830000   0.04333000   0.16340000   0.02424000 
 -2.14330000   0.04316000   0.15990000   0.02437000 
 -2.11830000   0.04274000   0.15790000   0.02452000 
 -2.09330000   0.04285000   0.15780000   0.02468000 
 -2.06830000   0.04434000   0.16310000   0.02562000 
 -2.04330000   0.04848000   0.17750000   0.02862000 
 -2.01830000   0.05186000   0.23350000   0.03217000 
 -1.99430000   0.05441000   0.26080000   0.03507000 
 -1.96930000   0.05360000   0.26350000   0.03605000 
 -1.94430000   0.05239000   0.24840000   0.03583000 
 -1.91930000   0.05274000   0.25300000   0.03785000 
 -1.89430000   0.06263000   0.29690000   0.04739000 
 -1.86930000   0.05538000   0.31480000   0.04900000 
 -1.84530000   0.04800000   0.30230000   0.04523000 
 -1.82030000   0.04749000   0.25970000   0.03751000 
 -1.79530000   0.04874000   0.25250000   0.03777000 
 -1.77030000   0.05017000   0.24570000   0.03776000 
 -1.74530000   0.05367000   0.21380000   0.03680000 
 -1.72030000   0.04356000   0.19190000   0.03298000 
 -1.69530000   0.04023000   0.18210000   0.03001000 
 -1.67130000   0.05000000   0.23550000   0.03777000 
 -1.64630000   0.04730000   0.31170000   0.04060000 
 -1.62130000   0.04257000   0.35690000   0.04363000 
 -1.59630000   0.03970000   0.32080000   0.03894000 
 -1.57130000   0.05342000   0.33260000   0.04226000 
 -1.54630000   0.04150000   0.27200000   0.03625000 
 -1.52230000   0.04210000   0.28110000   0.03775000 
 -1.49730000   0.04539000   0.31630000   0.04214000 
 -1.47230000   0.04550000   0.33530000   0.04484000 
 -1.44730000   0.04860000   0.32770000   0.04524000 
 -1.42230000   0.04887000   0.30310000   0.04643000 
 -1.39730000   0.12000000   0.43940000   0.06768000 
 -1.37230000   0.16440000   0.49380000   0.07706000 
 -1.34830000   0.07538000   0.35200000   0.05798000 
 -1.32330000   0.08803000   0.38640000   0.06440000 
 -1.29830000   0.08601000   0.39100000   0.07109000 
 -1.27330000   0.08353000   0.32860000   0.06688000 
 -1.24830000   0.07468000   0.28470000   0.06170000 
 -1.22330000   0.06471000   0.22350000   0.05229000 
 -1.19930000   0.08366000   0.25360000   0.05653000 
 -1.17430000   0.06869000   0.20900000   0.05079000 
 -1.14930000   0.06706000   0.20090000   0.04945000 
 -1.12430000   0.07459000   0.20870000   0.05301000 
 -1.09930000   0.08165000   0.21410000   0.05622000 
 -1.07430000   0.06040000   0.19370000   0.04528000 
 -1.04930000   0.05670000   0.19280000   0.04545000 
 -1.02530000   0.06343000   0.21700000   0.04926000 
 -1.00030000   0.05233000   0.16750000   0.03773000 
 -0.97530000   0.05086000   0.16840000   0.03750000 
 -0.95030000   0.06468000   0.27750000   0.04431000 
 -0.92530000   0.05643000   0.22050000   0.04052000 
 -0.90030000   0.05422000   0.22050000   0.04024000 
 -0.87530000   0.06118000   0.28520000   0.04619000 
 -0.85130000   0.05634000   0.23800000   0.04388000 
 -0.82630000   0.06101000   0.24840000   0.04571000 
 -0.80130000   0.05371000   0.23970000   0.04430000 
 -0.77630000   0.04712000   0.28280000   0.05291000 
 -0.75130000   0.04381000   0.26900000   0.04530000 
 -0.72630000   0.04364000   0.30220000   0.04681000 
 -0.70230000   0.03927000   0.27560000   0.04940000 
 -0.67730000   0.03613000   0.25720000   0.04906000 
 -0.65230000   0.03344000   0.25850000   0.05475000 
 -0.62730000   0.03312000   0.30310000   0.07364000 
 -0.60230000   0.03478000   0.32300000   0.08720000 
 -0.57730000   0.03477000   0.26900000   0.07940000 
 -0.55230000   0.03366000   0.27180000   0.08441000 
 -0.52830000   0.03241000   0.28060000   0.09153000 
 -0.50330000   0.03249000   0.30600000   0.10860000 
 -0.47830000   0.03185000   0.33660000   0.12000000 
 -0.45330000   0.02658000   0.26950000   0.10260000 
 -0.42830000   0.02263000   0.23360000   0.08948000 
 -0.40330000   0.01799000   0.17770000   0.06094000 
 -0.37930000   0.01621000   0.18240000   0.06178000 
 -0.35430000   0.01460000   0.20830000   0.06834000 
 -0.32930000   0.01277000   0.15390000   0.06361000 
 -0.30430000   0.01097000   0.15200000   0.07121000 
 -0.27930000   0.00855100   0.11760000   0.05841000 
 -0.25430000   0.00752000   0.10720000   0.05564000 
 -0.22930000   0.00646800   0.07988000   0.04051000 
 -0.20530000   0.00554900   0.08429000   0.04595000 
 -0.18030000   0.00387600   0.04306000   0.02130000 
 -0.15530000   0.00310500   0.03096000   0.01433000 
 -0.13030000   0.00252100   0.02983000   0.01407000 
 -0.10530000   0.00183400   0.03116000   0.01513000 
 -0.08030000   0.00143800   0.02858000   0.01401000 
 -0.05630000   0.00098400   0.02445000   0.01202000 
 -0.03130000   0.00070810   0.02619000   0.01298000 
 -0.00630000   0.00000000   0.00000000   0.00000000 
  0.01870000   0.00000000   0.00000000   0.00000000 
  0.04370000   0.00000000   0.00000000   0.00000000 
  0.06870000   0.00000000   0.00000000   0.00000000 
  0.09370000   0.00000000   0.00000000   0.00000000 
  0.11770000   0.00000000   0.00000000   0.00000000 
  0.14270000   0.00564000   0.00345400   0.00011000 
  0.16770000   0.01780000   0.01092000   0.00035400 
  0.19270000   0.02991000   0.01837000   0.00060640 
  0.21770000   0.03627000   0.02237000   0.00080090 
  0.24270000   0.04239000   0.02623000   0.00100100 
  0.26670000   0.04847000   0.03009000   0.00120800 
  0.29170000   0.04466000   0.02683000   0.00128900 
  0.31670000   0.04540000   0.02640000   0.00149000 
  0.34170000   0.04934000   0.02806000   0.00175900 
  0.36670000   0.05498000   0.03057000   0.00208100 
  0.39170000   0.06028000   0.03271000   0.00241200 
  0.41670000   0.06358000   0.03234000   0.00283000 
  0.44070000   0.30580000   0.05419000   0.03110000 
  0.46570000   0.16420000   0.05934000   0.01170000 
  0.49070000   0.21670000   0.08056000   0.01360000 
  0.51570000   0.19760000   0.07963000   0.01188000 
  0.54070000   0.20130000   0.08643000   0.01196000 
  0.56570000   0.20610000   0.12790000   0.01280000 
  0.58970000   0.20560000   0.13360000   0.01257000 
  0.61470000   0.20060000   0.13530000   0.01229000 
  0.63970000   0.19950000   0.13780000   0.01229000 
  0.66470000   0.19020000   0.13640000   0.01188000 
  0.68970000   0.18140000   0.14190000   0.01147000 
  0.71470000   0.17280000   0.14140000   0.01136000 
  0.73970000   0.17020000   0.14320000   0.01160000 
  0.76370000   0.17220000   0.14860000   0.01215000 
  0.78870000   0.17370000   0.15380000   0.01280000 
  0.81370000   0.17810000   0.16060000   0.01356000 
  0.83870000   0.18260000   0.16650000   0.01432000 
  0.86370000   0.18150000   0.16930000   0.01492000 
  0.88870000   0.18390000   0.17340000   0.01571000 
  0.91270000   0.23870000   0.23170000   0.02129000 
  0.93770000   0.22770000   0.21710000   0.02107000 
  0.96270000   0.16460000   0.15880000   0.01567000 
  0.98770000   0.15460000   0.14990000   0.01541000 
  1.01270000   0.15020000   0.14630000   0.01547000 
  1.03770000   0.14860000   0.14520000   0.01604000 
  1.06270000   0.14770000   0.14480000   0.01668000 
  1.08670000   0.14590000   0.14350000   0.01727000 
  1.11170000   0.14690000   0.14610000   0.01845000 
  1.13670000   0.15080000   0.15060000   0.01992000 
  1.16170000   0.15510000   0.15410000   0.02142000 
  1.18670000   0.16030000   0.15950000   0.02343000 
  1.21170000   0.18450000   0.18150000   0.02919000 
  1.23570000   0.18030000   0.17050000   0.03093000 
  1.26070000   0.16990000   0.15790000   0.03099000 
  1.28570000   0.16410000   0.14880000   0.03138000 
  1.31070000   0.16330000   0.14640000   0.03201000 
  1.33570000   0.18200000   0.16430000   0.03592000 
  1.36070000   0.21100000   0.18940000   0.04208000 
  1.38570000   0.24860000   0.20970000   0.06034000 
  1.40970000   0.15330000   0.15460000   0.02619000 
  1.43470000   0.13620000   0.14060000   0.02466000 
  1.45970000   0.11950000   0.12490000   0.02244000 
  1.48470000   0.14460000   0.15050000   0.02467000 
  1.50970000   0.15460000   0.16040000   0.02588000 
  1.53470000   0.12920000   0.13370000   0.02354000 
  1.55870000   0.12300000   0.12710000   0.02317000 
  1.58370000   0.11540000   0.11900000   0.02276000 
  1.60870000   0.12270000   0.12820000   0.02447000 
  1.63370000   0.13510000   0.14390000   0.02776000 
  1.65870000   0.11220000   0.11440000   0.02424000 
  1.68370000   0.12040000   0.11820000   0.02675000 
  1.70870000   0.12830000   0.12360000   0.02999000 
  1.73270000   0.12940000   0.12490000   0.03518000 
  1.75770000   0.12460000   0.12330000   0.04350000 
  1.78270000   0.14420000   0.15080000   0.05483000 
  1.80770000   0.12830000   0.13190000   0.04985000 
  1.83270000   0.13810000   0.13940000   0.05443000 
  1.85770000   0.18540000   0.26300000   0.07079000 
  1.88170000   0.14580000   0.23440000   0.05638000 
  1.90670000   0.14540000   0.26920000   0.05364000 
  1.93170000   0.13880000   0.29980000   0.05317000 
  1.95670000   0.15890000   0.46580000   0.06484000 
  1.98170000   0.09574000   0.37100000   0.04930000 
  2.00670000   0.07228000   0.30050000   0.04228000 
  2.03170000   0.06386000   0.26810000   0.03895000 
  2.05570000   0.05667000   0.19300000   0.03128000 
  2.08070000   0.06068000   0.18280000   0.03076000 
  2.10570000   0.06652000   0.17380000   0.03036000 
  2.13070000   0.04771000   0.14590000   0.02566000 
  2.15570000   0.02580000   0.11910000   0.01971000 
  2.18070000   0.02614000   0.11910000   0.02202000 
  2.20570000   0.04375000   0.17170000   0.06267000 
  2.22970000   0.04228000   0.16880000   0.05737000 
  2.25470000   0.04795000   0.17510000   0.05918000 
  2.27970000   0.05551000   0.18280000   0.05394000 
  2.30470000   0.05764000   0.17260000   0.05264000 
  2.32970000   0.08750000   0.23950000   0.06889000 
  2.35470000   0.08585000   0.22890000   0.07086000 
  2.37870000   0.08284000   0.21010000   0.06106000 
  2.40370000   0.07186000   0.22000000   0.05478000 
  2.42870000   0.06631000   0.17930000   0.04695000 
  2.45370000   0.06001000   0.15950000   0.04464000 
  2.47870000   0.05210000   0.14820000   0.03990000 
  2.50370000   0.04871000   0.14910000   0.03957000 
  2.52870000   0.04658000   0.14930000   0.03971000 
  2.55270000   0.06563000   0.18600000   0.05417000 
  2.57770000   0.06357000   0.19120000   0.05230000 
  2.60270000   0.06477000   0.20460000   0.05962000 
  2.62770000   0.07261000   0.21840000   0.06541000 
  2.65270000   0.06974000   0.22060000   0.07471000 
  2.67770000   0.08671000   0.26020000   0.08674000 
  2.70170000   0.08763000   0.24930000   0.08269000 
  2.72670000   0.07137000   0.20950000   0.07302000 
  2.75170000   0.08428000   0.23360000   0.08184000 
  2.77670000   0.10270000   0.22180000   0.08030000 
  2.80170000   0.11430000   0.23780000   0.08981000 
  2.82670000   0.11040000   0.23370000   0.08793000 
  2.85170000   0.08857000   0.22000000   0.08010000 
  2.87570000   0.09589000   0.23580000   0.08944000 
  2.90070000   0.07738000   0.23020000   0.08639000 
  2.92570000   0.07121000   0.27210000   0.09251000 
  2.95070000   0.06920000   0.27460000   0.09246000 
  2.97570000   0.07156000   0.25680000   0.09086000 
  3.00070000   0.07252000   0.27300000   0.09880000 
  3.02470000   0.07724000   0.29200000   0.10680000 
  3.04970000   0.07493000   0.31870000   0.11230000 
  3.07470000   0.07167000   0.27480000   0.09802000 
  3.09970000   0.07389000   0.24140000   0.08788000 
  3.12470000   0.07457000   0.25480000   0.09277000 
  3.14970000   0.07600000   0.27730000   0.09964000 
  3.17470000   0.08126000   0.30400000   0.10510000 
  3.19870000   0.09739000   0.43510000   0.13270000 
  3.22370000   0.09187000   0.22120000   0.08770000 
  3.24870000   0.06488000   0.14070000   0.06076000 
  3.27370000   0.05379000   0.10330000   0.04781000 
  3.29870000   0.04086000   0.08057000   0.03651000 
  3.32370000   0.04473000   0.07704000   0.03559000 
  3.34770000   0.04812000   0.07796000   0.03618000 
  3.37270000   0.05355000   0.08475000   0.03979000 
  3.39770000   0.06712000   0.09786000   0.04810000 
  3.42270000   0.06447000   0.10700000   0.05029000 
  3.44770000   0.05998000   0.11580000   0.05120000 
  3.47270000   0.05523000   0.12540000   0.05187000 
  3.49770000   0.05952000   0.14390000   0.05885000 
  3.52170000   0.02047000   0.11580000   0.03126000 
  3.54670000   0.02042000   0.11290000   0.02673000 
  3.57170000   0.01973000   0.10700000   0.02397000 
  3.59670000   0.01977000   0.10610000   0.02324000 
  3.62170000   0.02009000   0.10990000   0.02384000 
  3.64670000   0.02619000   0.17490000   0.04093000 
  3.67070000   0.03703000   0.29220000   0.07026000 
  3.69570000   0.03539000   0.27540000   0.05841000 
  3.72070000   0.03332000   0.23750000   0.04568000 
  3.74570000   0.03490000   0.25680000   0.04334000 
  3.77070000   0.04092000   0.30440000   0.04616000 
  3.79570000   0.04909000   0.37970000   0.05510000 
  3.82070000   0.03653000   0.22140000   0.03045000 
  3.84470000   0.02291000   0.12410000   0.01599000 
  3.86970000   0.00349000   0.01543000   0.00434700 
  3.89470000   0.00278400   0.01203000   0.00344400 
  3.91970000   0.00205700   0.00868200   0.00252700 
  3.94470000   0.00130800   0.00539600   0.00159700 
  3.96970000   0.00053740   0.00216800   0.00065210 
  3.99370000   0.00000000   0.00000000   0.00000000 
  4.01870000   0.00000000   0.00000000   0.00000000 
  4.04370000   0.00000000   0.00000000   0.00000000 
  4.06870000   0.00000000   0.00000000   0.00000000 
  4.09370000   0.00000000   0.00000000   0.00000000 
  4.11870000   0.00000000   0.00000000   0.00000000 
  4.14370000   0.00000000   0.00000000   0.00000000 
  4.16770000   0.00000000   0.00000000   0.00000000 
  4.19270000   0.00000000   0.00000000   0.00000000 
  4.21770000   0.00000000   0.00000000   0.00000000 
  4.24270000   0.00000000   0.00000000   0.00000000 
  4.26770000   0.00000000   0.00000000   0.00000000 
  4.29270000   0.00000000   0.00000000   0.00000000 
  4.31670000   0.00000000   0.00000000   0.00000000 
  4.34170000   0.00000000   0.00000000   0.00000000 
  4.36670000   0.00000000   0.00000000   0.00000000 
  4.39170000   0.00000000   0.00000000   0.00000000 
  4.41670000   0.00000000   0.00000000   0.00000000 
  4.44170000   0.00000000   0.00000000   0.00000000 
  4.46670000   0.00000000   0.00000000   0.00000000 
  4.49070000   0.00000000   0.00000000   0.00000000 
  4.51570000   0.00000000   0.00000000   0.00000000 
  4.54070000   0.00000000   0.00000000   0.00000000 
  4.56570000   0.00000000   0.00000000   0.00000000 
  4.59070000   0.00000000   0.00000000   0.00000000 
  4.61570000   0.00000000   0.00000000   0.00000000 
  4.63970000   0.00000000   0.00000000   0.00000000 
  4.66470000   0.00000000   0.00000000   0.00000000 
  4.68970000   0.00000000   0.00000000   0.00000000 
  4.71470000   0.00000000   0.00000000   0.00000000 
  4.73970000   0.00000000   0.00000000   0.00000000 
  4.76470000   0.00000000   0.00000000   0.00000000 
  4.78970000   0.00000000   0.00000000   0.00000000 
  4.81370000   0.00000000   0.00000000   0.00000000 
  4.83870000   0.00000000   0.00000000   0.00000000 
  4.86370000   0.00000000   0.00000000   0.00000000 
  4.88870000   0.00000000   0.00000000   0.00000000 
